0;0;1;0;0;0;0;0;0;1;0;0;0;0;1;0;0;0;1;0;0;0;0;0;1;0;0;1;0;0;0;0;0;1;0;0;1;0;0;1;0;0;0;0;0;0;1;0;0;0;0;0;0;1;0;0;0;0;1;0;1;0;0;0;0;1;1;0;1;0;0;0;0;1;0
1;1;0;0;0;1;0;0;1;0;0;0;0;1;0;0;0;0;1;0;0;0;0;1;0;0;0;0;0;0;0;0;0;0;1;0;1;0;0;1;0;0;0;0;1;0;0;0;0;0;1;0;0;0;0;1;0;0;0;0;0;0;1;0;0;1;1;0;1;0;0;0;1;0;1
2;0;0;0;0;1;0;0;0;1;0;0;0;0;1;0;0;0;1;0;0;0;0;0;1;0;0;0;0;0;0;0;1;0;0;0;1;0;0;0;0;1;0;0;0;0;1;0;0;0;1;0;0;0;0;0;0;0;1;0;0;1;0;0;1;0;1;0;1;0;0;1;0;0;2
3;1;0;0;0;0;1;0;0;0;1;0;0;0;1;0;0;0;1;0;0;0;0;0;1;0;0;0;0;0;0;0;0;1;0;0;0;1;0;0;0;1;0;0;0;1;0;0;0;0;0;1;0;0;0;0;1;0;0;0;1;0;0;0;0;1;1;0;1;0;0;0;1;0;3
4;1;1;0;0;0;0;0;0;1;0;0;0;0;1;0;0;0;1;0;0;0;0;1;0;0;0;0;0;0;0;0;1;0;0;0;1;0;0;0;1;0;0;0;0;0;0;1;0;0;1;0;0;0;0;0;0;0;1;0;1;0;0;0;0;1;0;0;1;0;0;0;0;1;4
5;1;0;0;0;1;0;0;1;0;0;0;0;0;1;0;0;0;1;0;0;0;0;1;0;0;0;0;0;0;0;0;0;1;0;0;1;0;0;0;1;0;0;0;0;1;0;0;0;0;0;0;0;1;0;0;0;0;1;0;0;0;1;0;0;1;0;1;0;0;0;0;1;0;5
6;0;0;0;0;1;0;0;0;1;0;0;0;1;0;0;0;0;0;1;0;0;0;0;1;0;0;0;0;0;0;1;0;0;0;0;1;0;0;0;0;1;0;0;0;0;0;0;1;0;1;0;0;0;0;1;0;0;0;0;0;1;0;0;0;1;1;0;1;0;0;0;0;1;6
7;0;0;0;0;1;0;0;0;1;0;0;0;0;1;0;0;0;0;1;0;0;0;0;1;0;0;0;0;0;0;0;0;1;0;0;0;1;1;0;0;0;0;0;0;1;0;0;0;0;0;0;0;1;0;0;0;0;1;0;0;0;1;0;0;1;0;0;1;0;0;0;1;0;7
8;0;0;0;0;0;1;0;1;0;0;0;0;0;1;0;0;0;0;1;0;0;0;1;0;0;0;1;0;0;0;0;0;0;1;0;0;1;0;0;0;1;0;0;0;0;1;0;0;0;0;0;0;0;1;0;0;0;1;0;0;0;1;1;0;0;1;0;1;0;0;0;1;0;8
9;0;0;0;0;1;0;0;1;0;0;0;0;1;0;0;0;0;0;1;0;0;0;1;0;0;0;1;0;0;0;0;0;0;1;0;0;1;0;0;0;0;1;0;0;0;0;0;1;0;0;0;0;0;1;0;0;0;1;0;1;0;0;0;1;0;1;0;1;0;0;0;1;0;9
10;1;0;1;0;0;0;0;1;0;0;0;0;1;0;0;0;0;0;1;0;0;0;1;0;0;0;0;0;0;1;0;0;0;0;0;0;1;0;0;0;0;0;1;0;0;0;0;0;1;0;0;1;0;0;0;0;1;0;0;1;0;0;1;0;0;0;1;0;0;0;1;0;0;10
11;0;0;0;0;1;0;0;1;0;0;0;0;1;0;0;0;0;0;1;0;0;0;1;0;0;0;0;0;0;0;0;0;1;0;0;1;0;0;0;0;0;1;0;0;0;0;1;0;0;1;0;0;0;0;0;0;0;1;0;1;0;0;0;1;0;1;1;0;0;0;0;1;0;11
12;1;0;0;0;1;0;0;0;1;0;0;0;0;1;0;0;0;0;1;0;0;0;0;1;0;0;1;0;0;0;0;0;1;0;0;0;1;0;0;0;0;1;0;0;0;1;0;0;0;1;0;0;0;0;0;0;0;1;0;1;0;0;0;0;1;0;1;0;0;0;0;1;0;12
13;1;0;0;0;1;0;0;0;1;0;0;0;0;1;0;0;0;0;0;1;0;0;1;0;0;0;0;0;0;0;0;0;1;0;0;0;1;1;0;0;0;0;0;1;0;0;0;0;0;0;0;0;0;1;0;0;0;1;0;1;0;0;1;0;0;1;0;1;0;0;0;1;0;13
14;0;1;0;0;0;0;0;1;0;0;0;0;1;0;0;0;0;0;1;0;0;0;1;0;0;0;0;0;0;0;0;0;1;0;0;0;1;0;0;0;0;1;0;0;0;1;0;0;0;0;1;0;0;0;0;0;0;1;0;1;0;0;0;0;1;1;1;0;0;0;0;0;1;14
15;0;0;1;0;0;0;0;1;0;0;0;0;0;1;0;0;0;0;1;0;0;0;1;0;0;0;1;0;0;0;0;0;1;0;0;0;1;0;0;1;0;0;0;0;0;1;0;0;0;0;0;0;0;1;0;0;0;1;0;1;0;0;0;1;0;1;0;1;0;0;0;1;0;15
16;0;0;1;0;0;0;0;1;0;0;0;0;1;0;0;0;0;1;0;0;0;0;1;0;0;0;0;0;0;0;0;0;1;0;0;0;1;0;0;0;0;0;1;0;0;0;1;0;0;0;1;0;0;0;0;0;0;1;0;1;0;0;0;0;1;0;1;0;0;0;0;0;1;16
17;1;0;0;0;1;0;0;0;1;0;0;0;0;1;0;0;0;1;0;0;0;0;0;1;0;0;1;0;0;0;0;0;0;1;0;0;1;0;0;0;1;0;0;0;0;0;1;0;0;0;0;0;1;0;0;0;0;1;0;1;0;0;0;1;0;1;1;0;0;0;0;0;1;17
18;1;0;1;0;0;0;0;0;1;0;0;0;0;1;0;0;0;1;0;0;0;0;0;1;0;0;1;0;0;0;0;0;1;0;0;1;0;0;0;1;0;0;0;0;0;0;1;0;0;0;0;0;1;0;0;0;0;1;0;1;0;0;0;1;0;1;1;0;0;0;0;0;1;18
19;1;0;1;0;0;0;0;1;0;0;0;0;1;0;0;0;0;1;0;0;0;0;1;0;0;0;1;0;0;0;0;0;1;0;0;0;1;0;0;0;0;1;0;0;0;0;1;0;0;0;0;0;1;0;0;0;0;1;0;1;0;0;0;0;1;1;1;0;0;0;0;1;0;19
20;0;1;0;0;0;0;0;1;0;0;0;0;1;0;0;0;0;1;0;0;0;0;1;0;0;0;0;0;0;1;0;0;0;0;0;0;1;0;0;0;0;1;0;0;0;0;0;1;0;1;0;0;0;0;0;0;0;1;0;1;0;0;0;0;1;1;1;0;0;0;0;0;1;20
21;0;1;0;0;0;0;0;1;0;0;0;0;0;1;0;0;0;1;0;0;0;0;1;0;0;0;1;0;0;1;0;0;0;0;0;0;1;0;0;1;0;0;0;0;0;1;0;0;0;1;0;0;0;0;0;0;0;1;0;1;0;0;0;0;1;0;1;0;0;0;0;0;1;21
22;0;0;0;0;1;0;0;1;0;0;0;0;1;0;0;0;0;1;0;0;0;1;0;0;0;0;0;0;0;0;0;1;0;0;0;0;1;0;0;0;0;1;0;0;0;0;0;0;1;0;1;0;0;0;1;0;0;0;0;1;0;0;0;1;0;1;1;0;0;0;0;0;1;22
23;0;0;0;0;1;0;0;1;0;0;0;0;0;1;0;0;0;1;0;0;0;0;1;0;0;0;1;0;0;0;0;0;1;0;0;0;1;0;0;1;0;0;0;0;1;0;0;0;0;0;0;0;1;0;0;0;0;1;0;1;0;0;0;1;0;1;1;0;0;0;0;0;1;23
24;0;1;0;0;0;0;0;1;0;0;0;0;0;1;0;0;0;1;0;0;0;0;0;1;0;0;0;0;0;0;0;0;1;0;0;1;0;0;0;0;1;0;0;0;1;0;0;0;0;0;1;0;0;0;0;0;0;1;0;1;0;0;0;0;1;1;1;0;0;0;0;0;1;24
25;0;1;0;0;0;0;0;1;0;0;0;0;1;0;0;0;0;1;0;0;0;0;0;1;0;0;0;1;0;0;0;0;1;0;0;1;0;1;0;0;0;0;0;1;0;0;0;0;0;0;1;0;0;0;0;0;0;1;0;1;0;0;0;0;1;1;1;0;0;0;0;1;0;25
26;0;0;0;0;1;0;0;0;1;0;0;0;0;1;0;0;0;1;0;0;0;0;1;0;0;0;1;1;0;0;0;0;1;0;0;0;1;0;0;1;0;0;0;0;0;1;0;0;0;1;0;0;0;0;0;0;0;1;0;1;0;0;0;0;1;1;1;0;0;0;0;0;1;26
27;0;0;0;0;1;0;0;0;1;0;0;0;0;1;0;0;0;1;0;0;0;0;0;1;0;0;1;0;0;0;0;0;1;0;0;1;0;0;1;0;0;0;0;0;1;0;0;0;0;0;0;0;0;1;0;0;0;1;0;1;0;0;0;1;0;0;1;0;0;0;0;0;1;27
28;1;1;0;0;0;0;0;0;1;0;0;0;0;1;0;0;0;0;1;0;0;0;0;1;0;0;1;1;0;0;1;0;0;0;0;1;0;0;0;0;0;0;1;0;0;0;0;1;0;1;0;0;0;0;0;0;0;1;0;1;0;0;0;0;1;0;1;0;0;0;0;1;0;28
29;0;0;0;0;1;0;0;1;0;0;0;0;1;0;0;0;0;0;1;0;0;0;0;1;0;0;1;0;1;0;0;1;0;0;0;1;0;0;0;0;1;0;0;0;0;1;0;0;0;0;0;0;0;1;0;0;0;1;0;0;0;1;0;1;0;0;0;1;0;0;0;1;0;29
30;0;0;0;0;1;0;0;0;1;0;0;0;0;1;0;0;0;0;1;0;0;0;0;1;0;0;0;1;0;1;0;0;0;0;0;1;0;0;0;0;1;0;0;0;1;0;0;0;0;1;0;0;0;0;0;0;0;1;0;1;0;0;0;0;1;1;0;1;0;0;0;0;1;30
31;0;1;0;0;0;0;0;0;1;0;0;0;0;1;0;0;0;1;0;0;0;0;0;1;0;0;0;0;0;0;0;0;1;0;0;0;1;0;0;1;0;0;0;0;0;1;0;0;0;0;1;0;0;0;0;0;0;1;0;0;1;0;0;0;1;1;0;1;0;0;0;0;1;31
32;0;0;0;0;1;0;0;0;1;0;0;0;0;1;0;0;0;1;0;0;0;0;0;1;0;0;0;0;1;0;1;0;0;0;0;0;1;1;0;0;0;0;0;0;1;0;0;0;0;0;1;0;0;0;0;0;0;1;0;0;1;0;0;1;0;1;0;1;0;0;0;0;1;32
33;1;1;0;0;0;0;0;0;1;0;0;0;0;1;0;0;0;0;1;0;0;0;0;1;0;0;0;0;0;0;0;0;0;1;0;1;0;0;1;0;0;0;0;0;1;0;0;0;0;0;0;0;1;0;0;0;0;1;0;0;1;0;0;1;0;0;1;0;0;0;0;0;1;33
34;1;1;0;0;0;0;0;0;1;0;0;0;0;0;1;0;0;0;0;1;0;0;0;0;1;0;0;0;0;0;0;0;1;0;0;0;1;1;0;0;0;0;0;0;0;1;0;0;0;0;1;0;0;0;0;0;0;1;0;1;0;0;0;0;1;1;0;1;0;0;0;0;1;34
35;0;0;0;0;1;0;0;0;0;1;0;0;0;1;0;0;0;0;0;1;0;0;0;1;0;0;1;0;1;0;0;0;1;0;0;1;0;0;1;0;0;0;0;0;1;0;0;0;0;0;1;0;0;0;0;0;0;1;0;1;0;0;0;0;1;1;0;0;1;0;0;0;1;35
36;0;0;0;0;1;0;0;0;1;0;0;0;1;0;0;0;0;0;1;0;0;0;0;1;0;0;0;1;1;0;0;0;1;0;0;1;0;0;0;1;0;0;0;1;0;0;0;0;0;0;1;0;0;0;0;0;0;1;0;1;0;0;0;0;1;1;0;0;1;0;0;0;1;36
37;1;0;0;0;1;0;1;0;0;0;0;0;1;0;0;0;0;1;0;0;0;0;0;1;0;0;0;1;1;0;0;0;1;0;0;0;1;0;0;1;0;0;0;0;1;0;0;0;0;0;1;0;0;0;0;0;0;1;0;1;0;0;0;0;1;0;1;0;0;0;1;0;0;37
38;1;0;0;0;1;0;1;0;0;0;0;0;1;0;0;0;0;0;1;0;0;0;1;0;0;0;0;0;1;0;0;0;0;1;0;0;1;0;1;0;0;0;0;0;1;0;0;0;0;0;0;0;1;0;0;0;0;1;0;1;0;0;0;1;0;0;1;0;0;0;0;0;1;38
39;1;1;0;0;0;0;0;1;0;0;0;0;1;0;0;0;0;1;0;0;0;0;1;0;0;0;0;1;0;0;0;1;0;0;0;0;1;0;0;0;0;1;0;0;0;0;1;0;0;0;1;0;0;0;1;0;0;0;0;0;0;1;1;0;0;0;1;0;0;0;0;0;1;39
40;1;0;0;0;1;0;0;1;0;0;0;0;1;0;0;0;0;1;0;0;0;0;1;0;0;0;1;0;0;0;0;1;0;0;0;0;1;0;0;1;0;0;0;0;1;0;0;0;0;0;1;0;0;0;0;0;0;1;0;1;0;0;0;1;0;0;1;0;0;0;0;0;1;40
41;1;0;0;0;1;0;0;1;0;0;0;0;1;0;0;0;0;1;0;0;0;0;1;0;0;0;0;1;0;0;0;0;1;0;0;0;1;0;0;0;0;1;0;0;0;1;0;0;0;0;0;0;0;1;0;0;0;1;0;1;0;0;0;1;0;1;0;0;0;1;0;0;1;41
42;1;1;0;0;0;0;0;1;0;0;0;0;0;1;0;0;0;0;1;0;0;0;1;0;0;0;1;0;1;0;0;0;1;0;0;0;1;0;1;0;0;0;0;0;1;0;0;0;0;0;0;0;0;1;0;0;0;1;0;1;0;0;0;1;0;0;1;0;0;0;0;1;0;42
43;1;0;0;0;1;0;0;0;1;0;0;0;0;1;0;0;0;0;1;0;0;1;0;0;0;0;0;1;0;0;0;0;1;0;0;0;1;0;1;0;0;0;0;0;1;0;0;0;0;1;0;0;0;0;0;0;0;1;0;0;0;1;0;1;0;0;1;0;0;0;0;0;1;43
44;1;0;0;0;1;0;0;1;0;0;0;1;0;0;0;0;1;0;0;0;0;1;0;0;0;0;0;0;0;0;0;1;0;0;0;0;1;0;0;1;0;0;0;0;1;0;0;0;0;0;0;0;0;1;0;0;0;1;0;0;0;1;0;1;0;0;1;0;0;0;0;1;0;44
45;1;0;0;0;1;0;1;0;0;0;0;0;1;0;0;0;0;1;0;0;0;0;1;0;0;0;1;0;0;0;0;1;0;0;0;0;1;0;0;0;1;0;0;0;1;0;0;0;0;0;1;0;0;0;0;0;0;1;0;1;0;0;0;0;1;1;1;0;0;0;0;1;0;45
46;1;0;0;0;1;0;0;1;0;0;0;0;1;0;0;0;0;1;0;0;0;0;1;0;0;0;0;0;0;0;0;0;1;0;0;0;1;1;0;0;0;0;0;0;1;0;0;0;0;0;0;0;0;1;0;0;0;1;0;1;0;0;0;1;0;0;0;1;0;0;0;1;0;46
47;1;1;0;0;0;0;0;1;0;0;0;0;1;0;0;0;0;0;1;0;0;0;0;1;0;0;0;1;1;0;0;0;1;0;0;0;1;0;0;1;0;0;0;0;0;0;1;0;0;0;0;0;0;1;0;0;0;1;0;1;0;0;1;0;0;1;0;1;0;0;0;0;1;47
48;0;0;0;0;1;0;0;0;1;0;0;0;1;0;0;0;0;0;0;1;0;0;0;0;1;0;1;0;1;0;0;0;1;0;0;0;1;0;0;0;1;0;0;0;0;1;0;0;0;0;0;0;0;1;0;0;0;1;0;1;0;0;0;1;0;1;0;1;0;0;0;1;0;48
49;1;1;0;0;0;0;1;0;0;0;0;1;0;0;0;0;1;0;0;0;0;1;0;0;0;0;0;1;0;0;0;1;0;0;0;0;1;0;0;0;1;0;0;0;1;0;0;0;0;1;0;0;0;0;0;0;0;1;0;1;0;0;0;1;0;0;1;0;0;0;0;0;1;49
50;1;1;0;0;0;0;0;1;0;0;0;1;0;0;0;0;1;0;0;0;0;1;0;0;0;0;0;1;0;1;0;0;0;0;0;0;1;0;0;0;0;1;0;0;0;0;0;1;0;1;0;0;0;0;0;0;0;1;0;1;0;0;1;0;0;0;1;0;0;0;0;1;0;50
51;0;1;0;0;0;0;1;0;0;0;0;0;1;0;0;0;1;0;0;0;0;1;0;0;0;0;0;0;1;0;0;0;1;0;0;1;0;0;0;0;0;1;0;0;0;1;0;0;0;0;1;0;0;0;0;0;0;1;0;0;1;0;1;0;0;0;1;0;0;0;0;0;1;51
52;1;1;0;0;0;0;0;0;1;0;0;0;0;1;0;0;0;0;1;0;0;0;0;1;0;0;0;0;1;0;0;0;0;1;0;0;1;0;1;0;0;0;0;0;1;0;0;0;0;0;0;0;1;0;0;0;0;1;0;1;0;0;1;0;0;1;0;1;0;0;0;0;1;52
53;0;0;0;0;1;0;0;1;0;0;0;0;1;0;0;0;0;1;0;0;0;0;1;0;0;0;0;1;1;0;0;0;1;0;0;1;0;0;0;1;0;0;0;0;0;1;0;0;0;0;0;0;0;1;0;0;0;1;0;1;0;0;0;1;0;1;0;0;1;0;0;0;1;53
54;0;0;0;0;1;0;0;0;1;0;0;0;1;0;0;0;0;1;0;0;0;0;1;0;0;0;0;0;1;0;0;0;0;1;0;0;1;0;1;0;0;0;0;1;0;0;0;0;0;0;1;0;0;0;0;0;0;1;0;0;0;1;0;1;0;0;1;0;0;0;0;1;0;54
55;0;1;0;0;0;0;1;0;0;0;0;0;1;0;0;0;1;0;0;0;0;1;0;0;0;0;0;1;0;0;0;0;1;0;0;0;1;0;0;0;0;1;0;0;0;0;1;0;0;0;1;0;0;0;0;0;0;1;0;0;0;1;1;0;0;1;1;0;0;0;0;0;1;55
56;0;0;0;1;0;0;0;0;1;0;0;0;0;1;0;0;0;1;0;0;0;0;1;0;0;0;0;0;1;0;0;0;1;0;0;0;1;0;0;0;0;1;0;0;0;0;0;1;0;0;1;0;0;0;0;0;0;1;0;0;1;0;1;0;0;0;1;0;0;0;0;1;0;56
57;0;0;0;0;0;1;0;1;0;0;0;0;1;0;0;0;0;1;0;0;0;0;1;0;0;0;0;0;1;0;0;0;1;0;0;1;0;0;1;0;0;0;0;0;1;0;0;0;0;0;0;0;0;1;0;0;0;1;0;0;0;1;1;0;0;1;0;1;0;0;0;0;1;57
58;0;1;0;0;0;0;0;1;0;0;0;0;1;0;0;0;1;0;0;0;0;1;0;0;0;0;0;1;0;0;0;0;1;0;0;0;1;0;0;0;1;0;0;0;0;1;0;0;0;1;0;0;0;0;0;0;0;1;0;0;1;0;1;0;0;1;1;0;0;0;0;0;1;58
59;0;0;0;1;0;0;0;1;0;0;0;0;1;0;0;0;0;1;0;0;0;0;1;0;0;0;0;0;0;0;0;0;1;0;0;0;1;0;0;0;0;0;1;0;0;0;0;0;1;0;0;1;0;0;1;0;0;0;0;0;0;1;1;0;0;1;0;1;0;0;0;0;1;59
60;0;0;0;0;1;0;1;0;0;0;0;1;0;0;0;0;0;1;0;0;0;0;1;0;0;0;0;1;1;0;0;0;0;1;1;0;0;0;0;0;1;0;0;1;0;0;0;0;0;0;1;0;0;0;0;0;0;1;0;0;0;1;1;0;0;0;1;0;0;0;0;0;1;60
61;0;0;1;0;0;0;0;0;1;0;0;0;1;0;0;0;0;1;0;0;0;0;0;1;0;0;1;0;0;0;0;1;0;0;0;1;0;0;1;0;0;0;0;0;1;0;0;0;0;0;0;0;1;0;0;0;0;1;0;1;0;0;1;0;0;0;1;0;0;0;0;0;1;61
62;0;0;0;0;1;0;1;0;0;0;0;0;1;0;0;0;1;0;0;0;0;0;1;0;0;0;0;1;0;0;0;1;0;0;0;0;1;0;0;0;0;1;0;0;0;1;0;0;0;0;1;0;0;0;1;0;0;0;0;1;0;0;1;0;0;1;0;1;0;0;0;0;1;62
63;0;0;0;0;1;0;0;1;0;0;0;0;1;0;0;0;0;1;0;0;0;0;0;1;0;0;1;1;1;0;0;1;0;0;0;0;1;0;0;0;0;0;1;0;0;0;1;0;0;0;1;0;0;0;1;0;0;0;0;1;0;0;1;0;0;0;0;1;0;0;0;0;1;63
64;0;0;0;0;1;0;0;1;0;0;0;0;1;0;0;0;0;1;0;0;0;0;1;0;0;0;0;0;0;0;1;0;0;0;0;1;0;0;0;0;1;0;0;0;1;0;0;0;0;1;0;0;0;0;0;0;0;1;0;1;0;0;1;0;0;0;1;0;0;0;0;0;1;64
65;1;0;0;0;1;0;0;0;1;0;0;0;0;1;0;0;0;0;1;0;0;0;0;1;0;0;0;1;0;0;1;0;0;0;0;1;0;0;1;0;0;0;0;0;1;0;0;0;0;0;1;0;0;0;0;0;0;1;0;1;0;0;0;0;1;0;1;0;0;0;0;0;1;65
66;1;1;0;0;0;0;0;0;1;0;0;0;1;0;0;0;0;1;0;0;0;0;1;0;0;0;1;1;0;0;0;0;0;1;0;0;1;0;0;0;1;0;0;0;0;1;0;0;0;0;0;0;0;1;0;0;0;1;0;1;0;0;0;0;1;1;1;0;0;0;0;0;1;66
67;1;0;0;0;1;0;0;0;0;1;0;0;0;0;1;0;0;1;0;0;0;0;0;1;0;0;1;1;0;0;0;0;1;0;0;0;1;0;1;0;0;0;0;0;0;0;1;0;0;0;0;0;0;1;0;0;0;1;0;0;1;0;0;0;1;0;1;0;0;0;0;0;1;67
68;1;1;0;0;0;0;0;0;1;0;0;0;0;1;0;0;0;1;0;0;0;0;1;0;0;0;0;1;0;0;0;0;1;0;0;0;1;0;1;0;0;0;0;0;1;0;0;0;0;0;0;0;0;1;0;0;0;1;0;1;0;0;0;0;1;0;1;0;0;0;0;0;1;68
69;1;1;0;0;0;0;0;0;1;0;0;0;0;1;0;0;0;1;0;0;0;0;0;1;0;0;0;1;0;1;0;0;0;0;0;0;1;0;0;0;1;0;0;0;0;1;0;0;0;0;1;0;0;0;0;0;0;1;0;0;1;0;0;1;0;1;1;0;0;0;0;0;1;69
70;1;0;0;0;1;0;0;0;1;0;0;0;0;1;0;0;0;1;0;0;0;0;1;0;0;0;0;0;0;0;0;1;0;0;0;0;1;0;1;0;0;0;0;0;1;0;0;0;0;0;0;0;0;1;0;0;0;0;1;1;0;0;0;1;0;1;0;0;1;0;0;0;1;70
71;1;1;0;0;0;0;0;0;0;1;0;0;0;1;0;0;0;0;1;0;0;0;0;1;0;0;0;1;0;0;0;1;0;0;0;0;1;0;1;0;0;0;0;0;1;0;0;0;0;0;1;0;0;0;0;0;0;1;0;1;0;0;0;0;1;1;0;1;0;0;0;0;1;71
72;1;0;1;0;0;0;0;1;0;0;0;0;1;0;0;0;1;0;0;0;0;0;1;0;0;0;0;0;0;0;0;1;0;0;0;1;0;0;0;0;0;1;0;0;0;0;1;0;0;0;0;0;0;1;0;0;0;1;0;0;1;0;1;0;0;1;1;0;0;0;0;0;1;72
73;1;1;0;0;0;0;0;1;0;0;0;0;1;0;0;0;0;1;0;0;0;0;1;0;0;0;1;0;1;0;0;1;0;0;0;0;1;0;1;0;0;0;0;0;1;0;0;0;0;0;1;0;0;0;0;0;0;1;0;1;0;0;1;0;0;0;1;0;0;0;0;0;1;73
74;1;0;0;1;0;0;1;0;0;0;0;0;1;0;0;0;0;1;0;0;0;0;1;0;0;0;0;0;0;0;1;0;0;0;0;0;1;0;0;1;0;0;0;1;0;0;0;0;0;1;0;0;0;0;0;0;0;1;0;0;1;0;1;0;0;1;1;0;0;0;0;0;1;74
75;1;0;0;0;1;0;0;0;1;0;0;0;0;1;0;0;0;0;1;0;0;0;0;1;0;0;1;0;1;0;0;0;1;0;0;1;0;1;0;0;0;0;0;1;0;0;0;0;0;1;0;0;0;0;1;0;0;0;0;0;1;0;0;0;1;1;0;1;0;0;0;0;1;75
76;1;0;1;0;0;0;0;0;1;0;0;0;0;0;1;0;0;0;1;0;0;0;0;0;1;0;1;0;1;0;0;0;1;0;0;0;1;0;1;0;0;0;0;0;1;0;0;0;0;0;0;0;1;0;0;0;0;1;0;1;0;0;0;1;0;0;0;1;0;0;0;1;0;76
77;1;0;0;0;1;0;0;0;0;1;0;0;0;1;0;0;0;0;1;0;0;0;0;0;1;0;1;0;1;0;0;0;1;0;0;1;0;0;1;0;0;0;0;0;1;0;0;0;0;0;0;0;1;0;0;0;0;1;0;0;0;1;0;1;0;1;0;1;0;0;0;0;1;77
78;1;0;1;0;0;0;0;0;1;0;0;0;1;0;0;0;0;0;1;0;0;0;0;1;0;0;0;0;1;0;1;0;0;0;0;1;0;1;0;0;0;0;0;0;1;0;0;0;0;0;0;0;1;0;0;0;0;1;0;0;1;0;0;1;0;1;1;0;0;0;1;0;0;78
79;1;0;1;0;0;0;0;0;0;1;0;0;0;1;0;0;0;1;0;0;0;0;0;0;1;0;0;0;0;0;1;0;0;0;0;0;1;1;0;0;0;0;0;1;0;0;0;0;0;0;0;0;0;1;0;0;0;1;0;0;1;0;0;1;0;0;0;1;0;0;0;1;0;79
80;1;1;0;0;0;0;0;0;0;1;0;0;0;1;0;0;0;0;1;0;0;0;0;1;0;0;0;1;0;0;1;0;0;0;0;0;1;0;0;1;0;0;0;0;0;0;1;0;0;0;0;0;0;1;0;0;0;1;0;1;0;0;1;0;0;0;0;0;1;0;0;1;0;80
81;1;0;0;0;1;0;0;0;0;1;0;0;0;1;0;0;0;0;1;0;0;0;0;1;0;0;0;0;1;0;1;0;0;0;0;0;1;1;0;0;0;0;0;1;0;0;0;0;0;0;0;0;1;0;0;0;0;1;0;0;1;0;1;0;0;1;0;1;0;0;0;1;0;81
82;0;1;0;0;0;0;0;0;0;1;0;0;0;0;1;0;0;0;0;1;0;0;0;0;1;0;1;0;0;0;0;1;0;0;0;0;1;0;0;0;0;0;1;0;1;0;0;0;0;1;0;0;0;0;0;0;0;1;0;0;1;0;0;1;0;1;0;0;1;0;0;0;1;82
83;0;0;0;0;1;0;0;0;0;1;0;0;0;0;1;0;0;0;1;0;0;0;0;1;0;0;0;0;0;0;0;0;0;1;0;0;1;0;0;1;0;0;0;1;0;0;0;0;0;0;0;0;0;1;0;0;0;1;0;0;1;0;0;1;0;1;1;0;0;0;0;0;1;83
84;0;0;0;0;1;0;0;0;1;0;0;0;0;1;0;0;0;0;1;0;0;0;0;0;1;0;1;1;0;0;0;1;0;0;0;0;1;0;1;0;0;0;0;0;1;0;0;0;0;1;0;0;0;0;0;0;0;1;0;0;1;0;0;0;1;1;1;0;0;0;0;0;1;84
85;0;0;1;0;0;0;0;0;1;0;0;0;0;1;0;0;0;0;1;0;0;0;0;1;0;0;1;1;0;0;0;1;0;0;0;0;1;0;0;0;0;1;0;1;0;0;0;0;0;1;0;0;0;0;0;0;0;1;0;0;0;1;0;0;1;1;1;0;0;0;0;0;1;85
86;0;0;0;1;0;0;0;0;0;1;0;0;0;0;1;0;0;1;0;0;0;0;0;1;0;0;1;0;1;0;0;0;1;0;0;1;0;1;0;0;0;0;0;1;0;0;0;0;0;0;1;0;0;0;0;0;0;1;0;0;0;1;0;0;1;1;0;1;0;0;0;1;0;86
87;0;0;0;0;1;0;0;0;0;1;0;0;0;1;0;0;0;1;0;0;0;0;0;1;0;0;1;1;1;0;0;0;0;1;0;0;1;0;0;1;0;0;0;0;0;1;0;0;0;0;0;0;0;1;0;0;0;1;0;1;0;0;1;0;0;1;0;0;0;1;0;0;1;87
88;0;1;0;0;0;0;0;0;1;0;0;0;0;0;1;0;0;0;1;0;0;0;0;0;1;0;0;0;0;0;0;0;1;0;0;0;1;0;0;0;1;0;0;0;0;0;1;0;0;1;0;0;0;0;0;0;0;1;0;0;0;1;0;1;0;0;0;1;0;0;0;1;0;88
89;1;0;1;0;0;0;0;0;1;0;0;0;0;1;0;0;0;0;1;0;0;0;0;1;0;0;0;1;0;0;1;0;0;0;0;1;0;0;1;0;0;0;0;1;0;0;0;0;0;1;0;0;0;0;0;0;0;1;0;1;0;0;0;1;0;1;1;0;0;0;0;0;1;89
90;1;1;0;0;0;0;0;0;0;1;0;0;0;1;0;0;0;0;1;0;0;0;0;1;0;0;0;0;1;0;0;0;0;1;0;0;1;0;1;0;0;0;0;0;1;0;0;0;0;0;0;0;0;1;0;0;0;0;1;1;0;0;0;0;1;1;0;0;1;0;0;1;0;90
91;1;1;0;0;0;0;0;1;0;0;0;0;1;0;0;0;0;1;0;0;0;0;1;0;0;0;0;1;0;0;0;1;0;0;0;0;1;0;0;0;1;0;0;1;0;0;0;0;0;1;0;0;0;0;0;0;0;1;0;0;1;0;0;0;1;1;1;0;0;0;0;0;1;91
92;0;0;1;0;0;0;0;0;1;0;0;0;0;1;0;0;0;0;1;0;0;0;0;0;1;0;0;0;0;0;0;1;0;0;0;1;0;0;1;0;0;0;0;1;0;0;0;0;0;1;0;0;0;0;0;0;0;1;0;0;1;0;0;0;1;1;1;0;0;0;0;0;1;92
93;0;0;1;0;0;0;0;0;1;0;0;0;0;1;0;0;0;0;1;0;0;0;0;1;0;0;0;0;0;0;0;0;0;1;0;1;0;0;1;0;0;0;0;1;0;0;0;0;0;1;0;0;0;0;0;0;0;1;0;0;0;1;0;0;1;1;1;0;0;0;0;0;1;93
94;0;1;0;0;0;0;0;0;1;0;0;0;0;1;0;0;0;1;0;0;0;0;0;1;0;0;0;1;1;0;0;0;1;0;0;0;1;0;1;0;0;0;0;0;1;0;0;0;0;0;0;0;0;1;0;0;0;1;0;0;0;1;0;1;0;0;1;0;0;0;0;0;1;94
95;0;0;0;0;1;0;0;0;1;0;0;0;0;1;0;0;0;0;1;0;0;0;0;1;0;0;0;1;1;0;1;0;0;0;0;0;1;0;0;1;0;0;0;0;0;1;0;0;0;0;1;0;0;0;0;0;0;1;0;1;0;0;1;0;0;1;1;0;0;0;0;0;1;95
96;0;0;0;0;1;0;0;0;1;0;0;0;0;1;0;0;0;1;0;0;0;0;0;1;0;0;1;0;1;0;0;1;0;0;0;0;1;1;0;0;0;0;0;0;1;0;0;0;0;0;1;0;0;0;0;0;0;1;0;0;0;1;0;1;0;1;1;0;0;0;1;0;0;96
97;0;0;1;0;0;0;0;0;1;0;0;0;0;1;0;0;0;1;0;0;0;0;1;0;0;0;1;0;0;0;0;0;1;0;0;0;1;0;1;0;0;0;0;1;0;0;0;0;0;1;0;0;0;0;0;0;0;1;0;0;0;1;0;0;1;1;1;0;0;0;0;0;1;97
98;0;1;0;0;0;0;0;0;1;0;0;0;0;1;0;0;0;0;1;0;0;0;0;0;1;0;1;0;0;0;0;1;0;0;0;0;1;0;0;1;0;0;0;0;0;1;0;0;0;0;1;0;0;0;0;0;0;1;0;0;0;1;0;1;0;1;1;0;0;0;0;0;1;98
99;0;0;0;0;1;0;0;0;1;0;0;0;0;1;0;0;0;1;0;0;0;0;0;1;0;0;0;0;0;0;0;1;0;0;0;0;1;0;1;0;0;0;0;0;1;0;0;0;0;1;0;0;0;0;0;0;0;1;0;0;0;1;0;1;0;1;1;0;0;0;1;0;0;99
100;1;0;1;0;0;0;0;1;0;0;0;0;0;1;0;0;0;1;0;0;0;0;1;0;0;0;0;0;0;0;0;0;1;0;0;0;1;1;0;0;0;0;0;1;0;0;0;0;0;0;0;0;1;0;0;0;0;1;0;0;0;1;0;0;1;1;1;0;0;0;0;0;1;100
101;1;0;0;0;0;1;0;0;1;0;0;0;0;0;1;0;0;1;0;0;0;0;0;0;1;0;0;0;1;0;0;0;1;0;0;1;0;0;1;0;0;0;0;1;0;0;0;0;0;0;0;0;1;0;1;0;0;0;0;0;0;1;0;1;0;1;0;1;0;0;1;0;0;101
102;1;1;0;0;0;0;0;0;0;1;0;0;0;1;0;0;0;1;0;0;0;0;0;0;1;0;1;0;1;0;0;0;1;0;0;0;1;0;1;0;0;0;0;0;1;0;0;0;0;0;0;0;1;0;0;0;0;1;0;0;1;0;0;1;0;1;0;1;0;0;0;1;0;102
103;1;1;0;0;0;0;0;0;1;0;0;0;0;0;1;0;0;0;1;0;0;0;0;1;0;0;1;0;1;0;0;0;1;0;0;0;1;0;1;0;0;0;0;0;1;0;0;0;0;0;0;0;1;0;0;0;0;1;0;0;1;0;0;1;0;1;0;1;0;0;0;0;1;103
104;1;0;0;0;1;0;0;0;1;0;0;0;0;0;1;0;0;1;0;0;0;0;0;0;1;0;1;0;1;0;0;0;0;1;0;0;1;0;1;0;0;0;0;0;1;0;0;0;0;1;0;0;0;0;1;0;0;0;0;1;0;0;0;1;0;1;0;1;0;0;0;1;0;104
105;1;1;0;0;0;0;0;0;1;0;0;0;0;0;1;0;0;1;0;0;0;0;0;0;1;0;1;0;1;0;0;0;1;0;0;0;1;0;0;0;0;1;0;0;0;0;1;0;0;1;0;0;0;0;0;0;0;1;0;0;1;0;0;1;0;1;0;1;0;0;0;0;1;105
106;1;0;0;0;0;1;0;0;0;1;0;0;1;0;0;0;0;1;0;0;0;0;0;1;0;0;0;0;1;0;0;0;1;0;0;0;1;1;0;0;0;0;0;1;0;0;0;0;0;1;0;0;0;0;0;0;0;1;0;1;0;0;0;1;0;0;0;1;0;0;0;0;1;106
107;1;0;0;0;1;0;0;0;1;0;0;0;0;0;1;0;0;0;1;0;0;0;0;0;1;0;1;0;1;0;0;0;1;0;0;0;1;1;0;0;0;0;0;1;0;0;0;0;0;0;0;0;0;1;1;0;0;0;0;0;1;0;0;0;1;1;0;1;0;0;0;0;1;107
108;0;0;0;0;1;0;0;0;0;1;0;0;0;1;0;0;0;0;1;0;0;0;0;1;0;0;0;0;1;0;1;0;0;0;0;0;1;0;1;0;0;0;0;0;0;1;0;0;0;1;0;0;0;0;1;0;0;0;0;0;1;0;0;1;0;1;0;1;0;0;0;0;1;108
109;1;0;0;0;1;0;0;0;0;1;0;0;0;1;0;0;0;0;1;0;0;0;0;0;1;0;1;0;1;0;0;0;1;0;0;1;0;0;1;0;0;0;0;0;1;0;0;0;0;0;0;0;1;0;0;0;0;1;0;0;1;0;0;1;0;1;0;1;0;0;0;1;0;109
110;1;0;1;0;0;0;0;0;1;0;0;0;0;1;0;0;0;0;0;1;0;0;0;0;1;0;1;0;1;0;0;0;1;0;0;0;1;0;0;0;1;0;0;0;1;0;0;0;0;0;0;0;1;0;0;0;0;1;0;0;1;0;0;1;0;1;0;1;0;0;0;1;0;110
111;1;0;1;0;0;0;0;1;0;0;0;0;0;1;0;0;0;1;0;0;0;0;0;0;1;0;1;0;1;0;0;0;0;1;0;0;1;0;1;0;0;0;0;0;1;0;0;0;0;0;0;0;1;0;0;0;0;1;0;0;0;1;0;0;1;1;0;1;0;0;0;1;0;111
112;1;0;1;0;0;0;0;0;0;1;0;0;0;1;0;0;0;0;1;0;0;0;0;0;1;0;1;0;0;0;0;0;1;0;0;0;1;0;0;0;1;0;0;0;1;0;0;0;0;0;0;1;0;0;0;0;0;1;0;0;1;0;0;1;0;1;0;1;0;0;0;1;0;112
113;0;1;0;0;0;0;0;0;1;0;0;0;0;0;1;0;0;0;1;0;0;0;0;0;1;0;1;1;1;0;0;0;1;0;0;0;1;0;1;0;0;0;0;0;1;0;0;0;0;0;1;0;0;0;0;0;0;1;0;0;1;0;0;1;0;0;0;1;0;0;0;1;0;113
114;0;1;0;0;0;0;0;0;0;1;0;0;0;0;1;0;0;0;0;1;0;0;0;0;1;0;1;1;1;0;0;0;0;1;0;0;1;1;0;0;0;0;0;1;0;0;0;0;0;0;0;0;0;1;0;0;0;1;0;0;1;0;0;0;1;1;0;1;0;0;0;1;0;114
115;0;1;0;0;0;0;0;0;1;0;0;0;0;1;0;0;0;0;1;0;0;0;0;1;0;0;0;1;1;0;0;0;1;0;0;1;0;0;0;0;0;1;0;0;0;0;1;0;0;0;1;0;0;0;0;0;0;1;0;0;1;0;1;0;0;1;0;1;0;0;0;1;0;115
116;1;1;0;0;0;0;0;0;1;0;0;0;0;1;0;0;0;0;1;0;0;0;0;1;0;0;0;0;1;0;0;0;0;1;0;0;1;0;0;0;0;1;0;0;0;1;0;0;0;0;0;0;1;0;0;0;0;1;0;0;1;0;0;1;0;1;0;1;0;0;0;1;0;116
117;1;1;0;0;0;0;0;0;1;0;0;1;0;0;0;0;0;1;0;0;0;0;1;0;0;0;0;0;0;0;1;0;0;0;0;0;1;0;0;0;0;1;0;0;0;0;0;1;0;0;0;0;0;1;0;0;0;1;0;0;1;0;0;1;0;1;0;1;0;0;1;0;0;117
118;1;0;0;0;1;0;0;0;0;1;0;0;1;0;0;0;0;0;1;0;0;0;0;0;1;0;1;0;1;0;0;0;1;0;0;0;1;0;0;1;0;0;0;0;1;0;0;0;0;0;0;0;0;1;0;0;0;1;0;0;1;0;0;1;0;0;0;1;0;0;0;1;0;118
119;1;1;0;0;0;0;0;1;0;0;0;0;1;0;0;0;0;1;0;0;0;0;1;0;0;0;0;1;0;0;0;1;0;0;0;0;1;0;0;0;1;0;0;0;0;0;1;0;0;1;0;0;0;0;0;0;0;1;0;0;1;0;0;1;0;1;0;1;0;0;0;0;1;119
120;0;1;0;0;0;0;0;0;1;0;0;0;1;0;0;0;0;1;0;0;0;0;0;1;0;0;0;0;1;0;0;0;1;0;0;0;1;1;0;0;0;0;0;1;0;0;0;0;0;0;0;0;1;0;0;0;0;1;0;0;0;1;0;0;1;1;0;1;0;0;0;0;1;120
121;1;0;0;0;1;0;0;0;0;1;0;0;0;0;1;0;0;0;1;0;0;0;0;0;1;0;1;0;1;0;0;0;1;0;0;1;0;0;1;0;0;0;0;0;1;0;0;0;0;0;0;0;1;0;0;0;0;1;0;0;1;0;0;1;0;1;0;1;0;0;0;1;0;121
122;1;0;0;0;1;0;0;0;1;0;0;0;0;0;1;0;0;1;0;0;0;0;0;1;0;0;0;0;1;0;0;0;1;0;0;1;0;1;0;0;0;0;0;0;0;1;0;0;0;1;0;0;0;0;0;0;0;1;0;0;1;0;0;0;1;1;0;1;0;0;0;0;1;122
123;1;0;0;0;1;0;0;0;1;0;0;0;0;1;0;0;0;0;1;0;0;0;0;1;0;0;1;1;0;0;0;1;0;0;0;1;0;0;0;0;1;0;0;0;1;0;0;0;0;0;1;0;0;0;0;0;0;1;0;0;1;0;1;0;0;1;1;0;0;0;0;0;1;123
124;1;0;0;0;1;0;0;0;1;0;0;0;0;1;0;0;0;1;0;0;0;0;0;1;0;0;1;0;1;0;0;0;1;0;0;1;0;1;0;0;0;0;0;1;0;0;0;0;0;1;0;0;0;0;0;0;0;1;0;0;1;0;0;1;0;1;0;1;0;0;0;1;0;124
125;1;0;0;0;1;0;0;0;0;1;0;0;0;1;0;0;0;0;1;0;0;0;0;0;1;0;0;1;1;0;0;0;1;0;0;1;0;0;0;1;0;0;0;0;1;0;0;0;0;1;0;0;0;0;0;0;0;1;0;0;0;1;0;1;0;1;1;0;0;0;0;1;0;125
126;1;1;0;0;0;0;0;0;0;1;0;0;0;1;0;0;0;0;1;0;0;0;0;0;1;0;1;1;1;0;0;0;0;1;0;0;1;0;1;0;0;0;0;1;0;0;0;0;0;1;0;0;0;0;0;0;0;1;0;0;0;1;0;1;0;1;0;1;0;0;0;0;1;126
127;1;0;0;0;0;1;0;1;0;0;0;0;1;0;0;0;0;0;1;0;0;0;0;1;0;0;0;0;1;0;1;0;0;0;0;0;1;0;0;1;0;0;0;0;1;0;0;0;0;0;0;0;1;0;0;0;0;1;0;0;1;0;0;0;1;1;0;1;0;0;0;0;1;127
128;0;0;0;0;1;0;0;0;1;0;0;0;0;1;0;0;0;1;0;0;0;0;0;1;0;0;0;0;1;0;0;1;0;0;1;0;0;1;0;0;0;0;0;1;0;0;0;0;0;0;0;0;1;0;0;0;0;1;0;0;0;1;0;1;0;1;0;1;0;0;1;0;0;128
129;1;0;1;0;0;0;0;0;0;1;0;0;0;0;1;0;0;0;1;0;0;0;0;0;1;0;1;0;1;0;0;0;0;1;0;1;0;0;1;0;0;0;0;0;1;0;0;0;0;1;0;0;0;0;0;0;0;1;0;0;1;0;0;1;0;1;0;1;0;0;1;0;0;129
130;1;1;0;0;0;0;0;0;0;1;0;0;0;1;0;0;0;0;1;0;0;0;0;0;1;0;1;0;1;0;0;0;1;0;0;0;1;0;1;0;0;0;0;0;1;0;0;0;0;0;1;0;0;0;0;0;0;1;0;0;1;0;0;1;0;1;0;1;0;0;0;0;1;130
