0;1;0;0;0;0;1;0;0;1;0;0;0;0;0;0;0;0;1;0;0;1;0;0;1;1;0;0;0;0;1;0;0;0;1;0;0;1;0;0;0;0;1;1;0;0;0
1;0;1;0;0;1;0;1;0;0;0;0;0;0;0;0;0;0;0;1;0;1;0;0;1;0;0;1;0;0;1;0;0;0;1;0;0;1;0;1;0;0;0;0;0;1;1
2;1;0;0;1;0;0;0;1;0;0;0;0;0;0;0;0;1;0;0;0;1;1;0;0;0;1;0;0;0;1;0;1;0;0;0;1;0;0;1;0;0;0;0;0;1;2
3;1;0;0;0;0;1;0;1;0;0;0;0;0;0;0;0;1;0;0;0;1;1;0;0;1;0;0;0;1;0;0;1;0;0;0;0;1;0;0;1;0;0;0;0;1;3
4;0;1;0;1;0;0;0;1;0;0;0;0;0;0;0;0;1;0;0;0;1;0;0;1;1;0;0;0;1;0;0;1;0;0;0;1;0;0;0;1;0;0;1;0;0;4
5;1;0;0;0;0;1;0;1;0;0;0;0;0;0;1;0;0;0;0;0;1;1;0;0;0;1;0;0;0;1;0;1;0;0;0;1;0;0;1;0;0;0;0;0;1;5
6;1;0;0;0;1;0;0;0;1;0;0;0;0;0;0;0;1;0;0;1;0;0;0;1;0;1;0;0;1;0;0;1;0;0;0;0;1;0;0;1;0;0;0;1;0;6
7;1;0;0;0;0;1;1;0;0;0;0;0;0;0;0;1;0;0;0;0;1;0;0;1;0;1;0;0;1;0;0;0;1;0;0;0;1;0;0;1;0;0;0;0;1;7
8;1;0;0;0;0;1;0;0;0;1;0;0;0;0;0;0;0;1;0;0;1;0;0;1;0;0;0;1;0;1;0;0;1;0;0;0;1;0;0;0;1;0;0;0;1;8
9;0;1;0;0;0;1;0;0;0;0;1;0;0;0;0;0;0;0;1;0;1;0;0;1;0;1;0;0;0;1;0;0;0;0;1;0;1;0;0;0;0;1;0;0;1;9
10;1;0;0;0;0;1;0;0;1;0;0;0;0;0;0;1;0;0;0;0;1;1;0;0;0;0;1;0;0;1;0;1;0;0;0;0;1;0;1;0;0;0;0;0;1;10
11;1;0;0;0;0;1;0;0;0;1;0;0;0;0;0;1;0;0;0;0;1;0;0;1;1;0;0;0;1;0;1;0;0;0;0;1;0;0;1;0;0;0;0;0;1;11
12;1;0;0;0;1;0;0;0;0;1;0;0;0;0;0;1;0;0;0;0;1;0;0;1;0;0;0;1;0;1;1;0;0;0;0;1;0;0;1;0;0;0;1;0;0;12
13;1;0;1;0;0;0;0;0;1;0;0;0;0;0;0;1;0;0;0;0;1;1;0;0;0;1;0;0;0;1;0;0;0;1;0;0;1;0;0;0;1;0;1;0;0;13
14;0;1;0;0;0;1;0;1;0;0;0;0;0;0;0;0;0;1;0;0;1;0;0;1;0;0;1;0;0;1;1;0;0;0;0;1;0;0;0;1;0;0;1;0;0;14
15;0;1;0;0;0;1;1;0;0;0;0;0;0;1;0;0;0;0;0;0;1;1;0;0;1;0;0;0;0;1;0;0;0;1;0;0;1;0;1;0;0;0;1;0;0;15
16;1;0;0;0;0;1;0;0;0;1;0;0;0;0;0;0;0;1;0;0;1;1;0;0;1;0;0;0;1;0;0;0;0;1;0;0;1;0;0;0;1;0;0;0;1;16
17;1;0;0;0;0;1;0;0;0;1;0;0;0;0;1;0;0;0;0;1;0;0;0;1;0;0;1;0;1;0;0;0;0;0;1;0;0;1;1;0;0;0;0;0;1;17
18;1;0;1;0;0;0;1;0;0;0;0;0;0;0;1;0;0;0;0;0;1;0;0;1;0;1;0;0;1;0;0;0;0;1;0;0;1;0;1;0;0;0;1;0;0;18
19;1;0;1;0;0;0;0;0;0;1;0;0;0;0;1;0;0;0;0;0;1;1;0;0;0;0;0;1;1;0;0;0;1;0;0;1;0;0;1;0;0;0;0;0;1;19
20;1;0;0;0;0;1;0;1;0;0;0;0;0;0;0;1;0;0;0;0;1;0;0;1;1;0;0;0;1;0;0;0;0;1;0;0;1;0;0;0;1;0;0;0;1;20
21;1;0;0;1;0;0;0;0;1;0;0;0;0;0;0;1;0;0;0;0;1;0;0;1;0;0;0;1;0;1;0;1;0;0;0;0;1;0;1;0;0;0;1;0;0;21
22;1;0;0;0;0;1;1;0;0;0;0;0;0;0;0;0;0;1;0;0;1;1;0;0;0;0;0;1;0;1;0;0;1;0;0;0;1;0;1;0;0;0;1;0;0;22
23;1;0;0;0;0;1;1;0;0;0;0;0;0;0;1;0;0;0;0;0;1;1;0;0;0;1;0;0;0;1;0;1;0;0;0;1;0;0;1;0;0;0;1;0;0;23
24;0;1;0;1;0;0;0;0;1;0;0;0;0;0;0;0;0;1;0;1;0;0;0;1;0;0;1;0;1;0;1;0;0;0;0;1;0;0;0;1;0;0;1;0;0;24
25;0;1;0;0;1;0;0;0;1;0;0;0;0;0;0;0;1;0;0;0;1;1;0;0;0;1;0;0;0;1;0;1;0;0;0;1;0;0;1;0;0;0;1;0;0;25
26;0;1;0;0;0;1;0;0;1;0;0;0;0;0;0;1;0;0;0;0;1;0;0;1;0;1;0;0;1;0;1;0;0;0;0;0;1;0;1;0;0;0;1;0;0;26
27;0;1;0;0;1;0;0;1;0;0;0;0;0;0;0;0;0;1;0;0;1;0;0;1;0;0;1;0;0;1;0;1;0;0;0;1;0;0;1;0;0;0;1;0;0;27
28;1;0;0;0;1;0;1;0;0;0;0;0;0;0;0;1;0;0;0;0;1;0;0;1;0;0;1;0;0;1;0;0;0;1;0;0;1;0;0;1;0;0;0;0;1;28
29;0;1;0;0;1;0;1;0;0;0;0;0;0;0;0;0;1;0;0;1;0;0;0;1;1;0;0;0;0;1;1;0;0;0;0;1;0;0;0;1;0;0;1;0;0;29
30;1;0;0;0;1;0;0;1;0;0;0;0;0;0;0;1;0;0;0;0;1;0;0;1;0;1;0;0;0;1;0;1;0;0;0;0;1;0;0;1;0;0;0;0;1;30
31;1;0;0;0;0;1;0;0;0;0;0;1;0;0;0;1;0;0;0;0;1;0;0;1;0;1;0;0;0;1;0;0;0;1;0;1;0;0;1;0;0;0;0;1;0;31
32;0;1;0;0;1;0;0;1;0;0;0;0;0;0;0;1;0;0;0;0;1;1;0;0;0;0;0;1;0;1;1;0;0;0;0;1;0;0;1;0;0;0;1;0;0;32
33;1;0;0;0;0;1;0;0;0;0;0;0;1;0;0;0;0;1;0;0;1;0;0;1;0;1;0;0;1;0;0;0;0;0;1;0;0;1;1;0;0;0;0;0;1;33
34;1;0;0;0;0;1;0;0;0;1;0;0;0;0;1;0;0;0;0;0;1;0;0;1;1;0;0;0;1;0;0;0;1;0;0;0;1;0;1;0;0;0;0;0;1;34
35;1;0;0;0;0;1;0;0;1;0;0;0;0;0;0;0;1;0;0;1;0;0;0;1;0;1;0;0;1;0;1;0;0;0;0;1;0;0;0;0;1;0;0;0;1;35
36;1;0;0;0;0;1;0;0;0;1;0;0;0;0;1;0;0;0;0;0;1;0;0;1;0;1;0;0;1;0;0;0;0;1;0;1;0;0;0;1;0;0;0;0;1;36
37;1;0;1;0;0;0;0;0;0;0;0;1;0;0;0;0;1;0;0;0;1;0;0;1;1;0;0;0;0;1;1;0;0;0;0;1;0;0;1;0;0;0;1;0;0;37
38;1;0;0;0;1;0;0;0;1;0;0;0;0;0;1;0;0;0;0;0;1;1;0;0;0;1;0;0;0;1;1;0;0;0;0;1;0;0;1;0;0;0;1;0;0;38
39;1;0;0;0;0;1;0;1;0;0;0;0;0;0;0;1;0;0;0;0;1;0;0;1;0;0;0;1;0;1;1;0;0;0;0;1;0;0;1;0;0;0;1;0;0;39
40;1;0;0;0;0;1;0;0;0;0;1;0;0;0;0;1;0;0;0;0;1;1;0;0;0;0;0;1;0;1;1;0;0;0;0;1;0;0;1;0;0;0;0;0;1;40
41;0;1;0;0;0;1;0;1;0;0;0;0;0;0;1;0;0;0;0;0;1;1;0;0;0;0;1;0;0;1;1;0;0;0;0;1;0;0;1;0;0;0;1;0;0;41
42;1;0;0;0;1;0;0;0;1;0;0;0;0;0;0;1;0;0;0;0;1;1;0;0;0;0;0;1;1;0;0;1;0;0;0;1;0;0;1;0;0;0;1;0;0;42
43;1;0;0;1;0;0;1;0;0;0;0;0;0;0;1;0;0;0;0;1;0;1;0;0;0;0;1;0;0;1;1;0;0;0;0;1;0;0;1;0;0;0;0;0;1;43
44;1;0;0;0;1;0;0;1;0;0;0;0;0;0;0;1;0;0;0;1;0;1;0;0;0;1;0;0;0;1;0;0;0;1;0;0;1;0;0;1;0;0;0;1;0;44
45;1;0;0;0;1;0;0;0;0;1;0;0;0;0;1;0;0;0;0;1;0;0;0;1;0;0;1;0;0;1;1;0;0;0;0;1;0;0;1;0;0;0;1;0;0;45
46;1;0;0;0;1;0;1;0;0;0;0;0;0;1;0;0;0;0;0;0;1;0;0;1;1;0;0;0;0;1;0;0;1;0;0;1;0;0;0;0;0;1;1;0;0;46
47;1;0;0;0;0;1;1;0;0;0;0;0;0;0;1;0;0;0;0;0;1;0;0;1;0;0;0;1;0;1;1;0;0;0;0;1;0;0;0;1;0;0;1;0;0;47
48;1;0;0;1;0;0;0;0;0;0;0;1;0;0;0;0;1;0;0;0;1;1;0;0;1;0;0;0;1;0;1;0;0;0;0;0;1;0;0;0;0;1;0;1;0;48
49;0;1;0;0;0;1;0;0;0;0;1;0;0;0;0;1;0;0;0;0;1;0;0;1;1;0;0;0;0;1;0;0;1;0;0;0;1;0;0;0;0;1;0;0;1;49
50;1;0;0;0;0;1;0;0;1;0;0;0;0;0;0;0;0;1;0;0;1;1;0;0;1;0;0;0;1;0;0;0;0;1;0;0;1;0;1;0;0;0;0;1;0;50
51;1;0;0;1;0;0;0;1;0;0;0;0;0;0;1;0;0;0;0;1;0;1;0;0;0;0;0;1;0;1;1;0;0;0;0;1;0;0;1;0;0;0;1;0;0;51
52;0;1;0;0;1;0;0;0;0;1;0;0;0;0;0;0;0;0;1;1;0;0;0;1;0;0;1;0;0;1;0;0;1;0;0;1;0;0;0;1;0;0;1;0;0;52
53;0;1;0;1;0;0;0;0;0;1;0;0;0;0;1;0;0;0;0;0;1;1;0;0;0;0;0;1;0;1;1;0;0;0;0;1;0;0;0;0;1;0;1;0;0;53
54;0;1;0;1;0;0;0;0;1;0;0;0;0;0;0;1;0;0;0;0;1;0;0;1;0;0;0;1;0;1;0;1;0;0;0;0;1;0;1;0;0;0;1;0;0;54
55;0;1;0;1;0;0;1;0;0;0;0;0;0;0;1;0;0;0;0;0;1;1;0;0;0;0;0;1;0;1;1;0;0;0;0;1;0;0;0;1;0;0;1;0;0;55
56;1;0;0;0;0;1;0;0;1;0;0;0;0;1;0;0;0;0;0;0;1;0;0;1;1;0;0;0;1;0;0;0;0;0;1;0;1;0;0;1;0;0;1;0;0;56
57;0;1;0;0;1;0;0;1;0;0;0;0;0;0;1;0;0;0;0;1;0;1;0;0;1;0;0;0;0;1;1;0;0;0;0;1;0;0;1;0;0;0;1;0;0;57
58;0;1;0;0;0;1;0;0;0;0;0;0;1;0;0;0;1;0;0;0;1;1;0;0;0;1;0;0;1;0;1;0;0;0;0;0;1;0;1;0;0;0;1;0;0;58
59;1;0;0;1;0;0;0;1;0;0;0;0;0;0;0;0;0;1;0;0;1;0;0;1;1;0;0;0;0;1;0;0;1;0;0;0;1;0;0;1;0;0;0;0;1;59
60;1;0;0;0;1;0;0;0;0;0;1;0;0;1;0;0;0;0;0;1;0;1;0;0;0;0;0;1;0;1;0;1;0;0;0;1;0;0;0;1;0;0;0;0;1;60
61;0;1;0;0;0;1;0;0;1;0;0;0;0;0;0;0;0;1;0;0;1;1;0;0;0;1;0;0;1;0;0;0;1;0;0;0;1;0;1;0;0;0;0;0;1;61
62;1;0;0;0;1;0;0;1;0;0;0;0;0;0;0;1;0;0;0;0;1;1;0;0;0;0;0;1;0;1;1;0;0;0;0;1;0;0;1;0;0;0;1;0;0;62
63;0;1;1;0;0;0;0;0;0;0;1;0;0;0;0;1;0;0;0;0;1;1;0;0;0;0;0;1;0;1;0;0;1;0;0;1;0;0;1;0;0;0;1;0;0;63
64;1;0;1;0;0;0;0;0;0;1;0;0;0;0;0;1;0;0;0;1;0;0;0;1;0;1;0;0;0;1;0;0;0;1;0;0;0;1;1;0;0;0;0;1;0;64
65;1;0;0;0;0;1;0;0;0;0;1;0;0;0;0;0;1;0;0;0;1;0;0;1;1;0;0;0;1;0;0;1;0;0;0;0;1;0;0;1;0;0;0;1;0;65
66;1;0;0;0;0;1;0;0;0;1;0;0;0;0;0;0;1;0;0;0;1;0;0;1;0;0;0;1;1;0;1;0;0;0;0;1;0;0;1;0;0;0;1;0;0;66
67;0;1;0;1;0;0;0;0;1;0;0;0;0;0;0;0;0;1;0;1;0;0;0;1;0;1;0;0;0;1;1;0;0;0;0;1;0;0;0;0;1;0;1;0;0;67
68;0;1;0;0;1;0;1;0;0;0;0;0;0;0;0;1;0;0;0;0;1;1;0;0;0;1;0;0;0;1;0;1;0;0;0;0;1;0;0;1;0;0;1;0;0;68
69;1;0;0;0;1;0;1;0;0;0;0;0;0;0;0;1;0;0;0;0;1;1;0;0;0;1;0;0;0;1;1;0;0;0;0;1;0;0;1;0;0;0;1;0;0;69
70;1;0;0;0;0;1;0;1;0;0;0;0;0;0;0;0;1;0;0;0;1;1;0;0;0;1;0;0;1;0;0;0;0;0;1;0;1;0;0;1;0;0;0;0;1;70
71;0;1;0;0;0;1;0;1;0;0;0;0;0;0;0;0;0;1;0;0;1;1;0;0;0;0;1;0;1;0;0;1;0;0;0;1;0;0;1;0;0;0;1;0;0;71
72;1;0;0;1;0;0;0;0;0;0;1;0;0;0;0;1;0;0;0;0;1;0;0;1;0;1;0;0;0;1;1;0;0;0;0;1;0;0;1;0;0;0;1;0;0;72
73;0;1;0;0;1;0;0;0;0;1;0;0;0;0;1;0;0;0;0;0;1;0;1;0;1;0;0;0;0;1;0;0;1;0;0;0;1;0;1;0;0;0;1;0;0;73
74;0;1;0;0;0;1;1;0;0;0;0;0;0;0;0;1;0;0;0;0;1;1;0;0;0;1;0;0;0;1;0;1;0;0;0;1;0;0;0;0;1;0;1;0;0;74
75;1;0;0;0;0;1;0;0;0;1;0;0;0;0;0;0;0;1;0;0;1;0;0;1;0;1;0;0;1;0;1;0;0;0;0;0;1;0;0;0;0;1;0;0;1;75
76;1;0;0;0;0;1;1;0;0;0;0;0;0;0;1;0;0;0;0;0;1;0;0;1;0;1;0;0;1;0;0;0;0;0;1;0;1;0;1;0;0;0;1;0;0;76
77;0;1;0;0;1;0;1;0;0;0;0;0;0;0;1;0;0;0;0;0;1;1;0;0;0;0;0;1;0;1;1;0;0;0;0;1;0;0;1;0;0;0;1;0;0;77
78;0;1;0;0;1;0;0;1;0;0;0;0;0;0;1;0;0;0;0;0;1;1;0;0;0;0;0;1;0;1;1;0;0;0;0;0;1;0;1;0;0;0;1;0;0;78
79;1;0;0;1;0;0;0;1;0;0;0;0;0;0;0;1;0;0;0;0;1;1;0;0;0;0;0;1;0;1;0;0;1;0;0;1;0;0;1;0;0;0;1;0;0;79
80;1;0;0;0;0;1;0;0;0;1;0;0;0;0;0;1;0;0;0;0;1;1;0;0;1;0;0;0;0;1;0;0;0;1;0;0;1;0;0;1;0;0;0;0;1;80
81;1;0;0;0;0;1;0;1;0;0;0;0;0;0;1;0;0;0;0;0;1;1;0;0;1;0;0;0;1;0;0;0;0;1;0;0;1;0;1;0;0;0;0;0;1;81
82;1;0;0;0;0;1;0;0;0;0;1;0;0;0;0;0;1;0;0;0;1;0;0;1;1;0;0;0;1;0;0;0;1;0;0;1;0;0;1;0;0;0;0;0;1;82
83;1;0;0;0;1;0;0;0;1;0;0;0;0;0;0;1;0;0;0;0;1;0;0;1;0;0;0;1;0;1;0;0;0;1;0;0;1;0;1;0;0;0;1;0;0;83
84;1;0;0;0;0;1;1;0;0;0;0;0;0;0;1;0;0;0;0;0;1;1;0;0;1;0;0;0;1;0;0;0;1;0;0;0;1;0;1;0;0;0;0;1;0;84
85;1;0;1;0;0;0;0;0;0;1;0;0;0;0;0;1;0;0;0;0;1;0;0;1;0;0;0;1;0;1;0;0;1;0;0;1;0;0;0;0;1;0;1;0;0;85
86;1;0;0;1;0;0;0;1;0;0;0;0;0;0;1;0;0;0;0;1;0;0;0;1;0;1;0;0;0;1;1;0;0;0;0;1;0;0;1;0;0;0;1;0;0;86
87;1;0;1;0;0;0;0;0;0;0;0;0;1;0;0;0;1;0;0;0;1;0;0;1;0;1;0;0;0;1;0;0;0;0;1;0;0;1;1;0;0;0;0;0;1;87
88;0;1;0;1;0;0;0;1;0;0;0;0;0;0;0;0;0;1;0;0;1;1;0;0;0;0;1;0;0;1;1;0;0;0;0;1;0;0;1;0;0;0;1;0;0;88
89;1;0;0;0;0;1;0;0;0;0;1;0;0;0;0;1;0;0;0;0;1;0;0;1;1;0;0;0;0;1;0;0;0;1;0;0;1;0;1;0;0;0;0;0;1;89
90;1;0;0;1;0;0;0;0;0;1;0;0;0;0;0;1;0;0;0;0;1;1;0;0;0;0;1;0;1;0;1;0;0;0;0;1;0;0;1;0;0;0;1;0;0;90
91;0;1;0;0;0;1;0;0;1;0;0;0;0;0;0;0;0;1;0;0;1;0;0;1;0;0;0;1;0;1;1;0;0;0;0;1;0;0;1;0;0;0;1;0;0;91
92;1;0;0;0;0;1;0;1;0;0;0;0;0;0;0;0;1;0;0;0;1;0;0;1;1;0;0;0;1;0;0;0;0;1;0;0;1;0;0;1;0;0;0;0;1;92
93;1;0;0;0;0;1;1;0;0;0;0;0;0;0;1;0;0;0;0;0;1;0;0;1;1;0;0;0;1;0;1;0;0;0;0;0;1;0;0;1;0;0;1;0;0;93
94;1;0;0;0;0;1;0;1;0;0;0;0;0;0;1;0;0;0;0;0;1;1;0;0;0;0;0;1;0;1;0;0;1;0;0;1;0;0;0;0;1;0;0;0;1;94
95;1;0;0;0;0;1;1;0;0;0;0;0;0;0;0;0;1;0;0;0;1;0;0;1;1;0;0;0;1;0;0;0;1;0;0;0;1;0;0;1;0;0;1;0;0;95
96;1;0;0;0;0;1;0;1;0;0;0;0;0;0;0;0;0;1;0;0;1;0;0;1;0;1;0;0;0;1;0;1;0;0;0;0;1;0;1;0;0;0;1;0;0;96
97;1;0;0;0;0;1;1;0;0;0;0;0;0;0;0;1;0;0;0;0;1;1;0;0;0;0;1;0;0;1;0;1;0;0;0;1;0;0;0;1;0;0;0;0;1;97
98;0;1;0;0;1;0;0;0;0;1;0;0;0;0;0;0;0;1;0;0;1;1;0;0;1;0;0;0;0;1;0;1;0;0;0;1;0;0;1;0;0;0;0;0;1;98
99;0;1;0;1;0;0;0;1;0;0;0;0;0;0;0;1;0;0;0;0;1;1;0;0;0;0;1;0;0;1;0;0;1;0;0;1;0;0;1;0;0;0;1;0;0;99
100;0;1;0;0;1;0;1;0;0;0;0;0;0;1;0;0;0;0;0;0;1;1;0;0;0;0;0;1;0;1;0;1;0;0;0;0;1;0;1;0;0;0;1;0;0;100
101;1;0;0;0;0;1;0;1;0;0;0;0;0;0;0;1;0;0;0;0;1;1;0;0;1;0;0;0;0;1;0;0;1;0;0;0;1;0;1;0;0;0;1;0;0;101
102;0;1;0;0;0;1;0;0;1;0;0;0;0;0;0;0;1;0;0;0;1;1;0;0;0;0;1;0;0;1;1;0;0;0;0;1;0;0;1;0;0;0;1;0;0;102
103;1;0;0;0;0;1;0;0;0;0;0;1;0;0;0;0;0;1;0;1;0;0;0;1;1;0;0;0;0;1;0;0;1;0;0;0;1;0;0;0;0;1;0;0;1;103
104;1;0;0;0;0;1;0;0;1;0;0;0;0;0;0;0;1;0;0;0;1;0;0;1;0;1;0;0;0;1;0;0;1;0;0;0;1;0;0;1;0;0;0;0;1;104
105;1;0;0;0;0;1;0;1;0;0;0;0;0;0;0;0;1;0;0;0;1;0;0;1;0;0;1;0;0;1;0;1;0;0;0;0;1;0;1;0;0;0;0;0;1;105
106;1;0;0;0;1;0;1;0;0;0;0;0;0;0;0;1;0;0;0;0;1;1;0;0;0;1;0;0;1;0;0;0;1;0;0;0;1;0;1;0;0;0;1;0;0;106
107;0;1;0;0;0;1;0;0;0;0;1;0;0;0;0;0;1;0;0;0;1;0;0;1;0;0;1;0;0;1;0;0;0;1;0;0;1;0;0;0;1;0;0;0;1;107
108;1;0;0;0;0;1;0;0;0;1;0;0;0;0;1;0;0;0;0;0;1;1;0;0;0;0;1;0;1;0;1;0;0;0;0;1;0;0;0;1;0;0;0;0;1;108
109;0;1;0;1;0;0;1;0;0;0;0;0;0;1;0;0;0;0;0;0;1;1;0;0;0;1;0;0;0;1;1;0;0;0;0;0;1;0;1;0;0;0;1;0;0;109
110;0;1;0;0;0;1;0;0;0;0;0;0;1;0;0;0;0;1;0;0;1;0;1;0;1;0;0;0;1;0;0;0;0;0;1;0;1;0;1;0;0;0;1;0;0;110
111;1;0;0;1;0;0;1;0;0;0;0;0;0;0;0;1;0;0;0;0;1;1;0;0;0;1;0;0;0;1;1;0;0;0;0;1;0;0;1;0;0;0;1;0;0;111
112;0;1;0;0;0;1;0;0;0;0;1;0;0;0;0;0;0;1;0;0;1;0;0;1;0;0;1;0;0;1;1;0;0;0;0;1;0;0;1;0;0;0;1;0;0;112
113;0;1;0;0;1;0;0;0;1;0;0;0;0;0;0;0;0;1;0;1;0;1;0;0;0;0;0;1;0;1;1;0;0;0;0;1;0;0;1;0;0;0;1;0;0;113
114;1;0;0;1;0;0;0;1;0;0;0;0;0;0;0;0;0;1;0;0;1;1;0;0;0;0;1;0;0;1;1;0;0;0;0;1;0;0;1;0;0;0;1;0;0;114
115;0;1;0;1;0;0;0;0;1;0;0;0;0;0;0;0;1;0;0;0;1;1;0;0;0;0;1;0;0;1;1;0;0;0;0;0;1;0;1;0;0;0;1;0;0;115
116;1;0;0;0;0;1;0;1;0;0;0;0;0;0;0;0;1;0;0;0;1;0;0;1;0;1;0;0;0;1;0;0;1;0;0;1;0;0;1;0;0;0;0;0;1;116
117;0;1;0;0;0;1;0;0;0;0;0;0;1;0;0;0;0;1;0;1;0;0;0;1;1;0;0;0;1;0;0;0;0;0;1;0;0;1;0;0;1;0;0;0;1;117
118;0;1;1;0;0;0;0;0;0;0;1;0;0;0;0;1;0;0;0;0;1;1;0;0;1;0;0;0;0;1;0;0;0;1;0;0;0;1;1;0;0;0;1;0;0;118
119;1;0;0;0;0;1;0;0;1;0;0;0;0;0;0;0;0;1;0;1;0;0;0;1;1;0;0;0;1;0;0;0;0;1;0;0;0;1;1;0;0;0;0;0;1;119
120;1;0;0;0;1;0;0;1;0;0;0;0;0;0;1;0;0;0;0;0;1;1;0;0;0;1;0;0;0;1;0;0;0;1;0;0;1;0;0;0;0;1;0;0;1;120
121;1;0;0;0;0;1;0;1;0;0;0;0;0;0;0;0;0;1;0;0;1;0;0;1;1;0;0;0;1;0;0;0;0;0;1;0;1;0;0;0;1;0;1;0;0;121
122;1;0;0;0;0;1;0;0;0;0;1;0;0;0;0;0;1;0;0;0;1;1;0;0;1;0;0;0;1;0;0;0;1;0;0;0;1;0;0;1;0;0;0;0;1;122
123;0;1;0;0;1;0;0;0;0;0;0;1;0;0;0;0;0;1;0;0;1;0;0;1;0;1;0;0;0;1;0;0;1;0;0;1;0;0;1;0;0;0;1;0;0;123
124;1;0;0;0;1;0;0;1;0;0;0;0;0;0;0;0;1;0;0;0;1;0;0;1;0;1;0;0;0;1;0;1;0;0;0;0;0;1;0;1;0;0;1;0;0;124
125;0;1;0;0;1;0;0;0;0;0;0;1;0;0;1;0;0;0;0;0;1;1;0;0;0;0;1;0;0;1;1;0;0;0;0;1;0;0;0;1;0;0;1;0;0;125
126;1;0;0;0;0;1;0;1;0;0;0;0;0;0;0;0;1;0;0;0;1;1;0;0;1;0;0;0;1;0;0;0;0;1;0;0;1;0;0;0;1;0;0;0;1;126
127;0;1;0;0;1;0;0;0;1;0;0;0;0;0;1;0;0;0;0;0;1;0;0;1;0;0;0;1;0;1;0;1;0;0;0;0;1;0;1;0;0;0;1;0;0;127
128;1;0;0;1;0;0;0;0;1;0;0;0;0;0;1;0;0;0;0;0;1;1;0;0;0;0;1;0;0;1;0;0;1;0;0;1;0;0;0;1;0;0;1;0;0;128
129;1;0;0;0;0;1;1;0;0;0;0;0;0;0;0;1;0;0;0;1;0;1;0;0;0;0;1;0;1;0;0;0;1;0;0;1;0;0;0;0;1;0;0;0;1;129
130;0;1;0;0;0;1;1;0;0;0;0;0;0;0;0;0;1;0;0;0;1;1;0;0;0;0;0;1;1;0;0;0;0;1;0;0;1;0;0;0;1;0;1;0;0;130
131;1;0;0;0;0;1;1;0;0;0;0;0;0;0;1;0;0;0;0;0;1;0;0;1;1;0;0;0;1;0;0;1;0;0;0;1;0;0;0;1;0;0;1;0;0;131
132;1;0;0;0;0;1;0;0;0;1;0;0;0;0;0;1;0;0;0;0;1;1;0;0;0;0;0;1;0;1;1;0;0;0;0;1;0;0;1;0;0;0;1;0;0;132
133;1;0;0;0;0;1;0;1;0;0;0;0;0;0;0;0;1;0;0;0;1;0;0;1;1;0;0;0;1;0;0;0;0;1;0;0;0;1;0;1;0;0;1;0;0;133
134;1;0;0;0;1;0;0;0;0;0;1;0;0;0;0;1;0;0;0;0;1;0;0;1;0;0;1;0;0;1;0;0;0;1;0;1;0;0;1;0;0;0;0;0;1;134
135;0;1;0;0;1;0;0;0;0;1;0;0;0;0;1;0;0;0;0;0;1;0;0;1;0;0;1;0;1;0;0;0;1;0;0;0;0;1;1;0;0;0;1;0;0;135
136;0;1;0;0;1;0;0;0;0;0;1;0;0;0;0;0;1;0;0;0;1;1;0;0;0;0;0;1;0;1;1;0;0;0;0;1;0;0;0;1;0;0;1;0;0;136
137;1;0;0;0;0;1;0;1;0;0;0;0;0;0;0;0;1;0;0;1;0;0;0;1;0;1;0;0;1;0;0;0;1;0;0;0;1;0;0;1;0;0;1;0;0;137
138;0;1;0;1;0;0;1;0;0;0;0;0;0;0;1;0;0;0;0;0;1;1;0;0;0;0;0;1;0;1;0;1;0;0;0;1;0;0;1;0;0;0;1;0;0;138
139;1;0;0;0;0;1;0;0;1;0;0;0;0;0;1;0;0;0;0;0;1;1;0;0;0;0;0;1;1;0;1;0;0;0;0;1;0;0;1;0;0;0;0;0;1;139
140;1;0;0;0;0;1;0;0;0;1;0;0;0;0;1;0;0;0;0;0;1;0;0;1;1;0;0;0;0;1;0;0;0;1;0;0;1;0;0;0;1;0;0;1;0;140
141;1;0;0;0;0;1;0;0;1;0;0;0;0;0;0;0;1;0;0;0;1;0;0;1;0;0;0;1;0;1;1;0;0;0;0;1;0;0;1;0;0;0;1;0;0;141
142;1;0;0;0;1;0;0;0;0;1;0;0;0;0;0;1;0;0;0;0;1;1;0;0;0;0;1;0;0;1;0;1;0;0;0;0;1;0;0;1;0;0;0;0;1;142
143;1;0;1;0;0;0;0;1;0;0;0;0;0;0;0;0;0;0;0;0;1;0;0;1;1;0;0;0;1;0;0;0;1;0;0;1;0;0;0;1;0;0;1;0;0;143
144;1;0;0;1;0;0;0;0;0;0;0;0;1;0;0;0;0;1;0;0;1;0;0;1;0;0;0;1;0;1;1;0;0;0;0;1;0;0;0;1;0;0;0;0;1;144
145;1;0;0;0;0;1;0;1;0;0;0;0;0;0;0;0;0;1;0;0;1;1;0;0;1;0;0;0;1;0;0;0;0;1;0;0;1;0;0;0;1;0;0;0;1;145
146;1;0;0;0;0;1;1;0;0;0;0;0;0;0;0;1;0;0;0;0;1;1;0;0;0;0;1;0;0;1;1;0;0;0;0;1;0;0;0;1;0;0;1;0;0;146
147;1;0;0;0;0;1;1;0;0;0;0;0;0;1;0;0;0;0;0;0;1;0;0;1;1;0;0;0;1;0;0;0;0;1;0;0;1;0;1;0;0;0;0;0;1;147
148;1;0;0;0;1;0;0;0;1;0;0;0;0;0;0;1;0;0;0;0;1;0;0;1;0;0;0;1;0;1;0;0;0;0;1;1;0;0;0;0;1;0;0;0;1;148
149;0;1;0;0;1;0;1;0;0;0;0;0;0;0;0;0;1;0;0;0;1;0;0;1;0;0;0;1;1;0;1;0;0;0;0;1;0;0;1;0;0;0;1;0;0;149
150;1;0;0;0;1;0;1;0;0;0;0;0;0;0;0;0;1;0;0;0;1;1;0;0;0;0;0;1;0;1;1;0;0;0;0;1;0;0;1;0;0;0;1;0;0;150
151;0;1;0;0;1;0;0;1;0;0;0;0;0;0;0;1;0;0;0;0;1;1;0;0;0;0;1;0;0;1;0;0;0;1;0;0;1;0;1;0;0;0;1;0;0;151
152;0;1;0;0;1;0;1;0;0;0;0;0;0;0;0;0;1;0;0;0;1;0;0;1;0;0;0;1;0;1;1;0;0;0;0;1;0;0;1;0;0;0;1;0;0;152
153;0;1;0;0;0;1;0;0;1;0;0;0;0;0;0;0;0;1;0;0;1;1;0;0;1;0;0;0;0;1;0;0;0;1;0;0;1;0;0;0;1;0;1;0;0;153
154;0;1;0;0;1;0;0;0;1;0;0;0;0;0;0;0;1;0;0;0;1;0;0;1;0;1;0;0;0;1;0;1;0;0;0;1;0;0;1;0;0;0;1;0;0;154
155;0;1;0;1;0;0;1;0;0;0;0;0;0;0;1;0;0;0;0;0;1;1;0;0;0;0;0;1;0;1;1;0;0;0;0;1;0;0;1;0;0;0;1;0;0;155
156;1;0;0;0;0;1;0;0;0;1;0;0;0;0;0;1;0;0;0;0;1;1;0;0;1;0;0;0;1;0;0;0;0;0;1;0;0;1;1;0;0;0;0;0;1;156
157;1;0;0;1;0;0;0;1;0;0;0;0;0;0;0;0;0;1;0;0;1;0;0;1;0;0;0;1;0;1;1;0;0;0;0;1;0;0;1;0;0;0;1;0;0;157
158;1;0;1;0;0;0;0;1;0;0;0;0;0;0;1;0;0;0;0;0;1;0;0;1;0;0;1;0;0;1;0;0;0;1;0;0;1;0;1;0;0;0;0;0;1;158
159;0;1;0;0;0;1;0;0;0;0;0;0;1;0;0;1;0;0;0;1;0;1;0;0;0;0;1;0;1;0;0;0;1;0;0;0;1;0;0;0;1;0;0;0;1;159
160;1;0;1;0;0;0;0;1;0;0;0;0;0;0;0;1;0;0;0;0;1;1;0;0;0;0;0;1;1;0;0;0;0;0;1;0;1;0;1;0;0;0;0;0;1;160
161;0;1;0;0;0;1;0;0;0;0;1;0;0;0;0;1;0;0;0;0;1;1;0;0;0;1;0;0;1;0;0;0;1;0;0;0;1;0;1;0;0;0;1;0;0;161
162;1;0;0;1;0;0;0;0;1;0;0;0;0;0;0;0;1;0;0;0;1;1;0;0;0;0;1;0;0;1;1;0;0;0;0;1;0;0;1;0;0;0;1;0;0;162
163;1;0;0;0;0;1;0;1;0;0;0;0;0;0;0;0;1;0;0;0;1;0;0;1;1;0;0;0;1;0;0;0;0;0;1;0;1;0;0;0;1;0;0;0;1;163
164;1;0;0;0;0;1;1;0;0;0;0;0;0;0;1;0;0;0;0;0;1;1;0;0;0;0;1;0;0;1;1;0;0;0;0;1;0;0;1;0;0;0;0;0;1;164
165;0;1;0;0;0;1;0;0;0;0;0;0;1;0;0;0;0;1;0;0;1;1;0;0;0;1;0;0;1;0;1;0;0;0;0;1;0;0;1;0;0;0;1;0;0;165
166;0;1;0;0;0;1;1;0;0;0;0;0;0;0;0;0;1;0;0;0;1;0;0;1;0;0;1;0;0;1;1;0;0;0;0;1;0;0;1;0;0;0;1;0;0;166
167;1;0;0;0;1;0;0;0;1;0;0;0;0;0;1;0;0;0;0;1;0;0;0;1;0;1;0;0;0;1;0;0;1;0;0;0;0;1;1;0;0;0;1;0;0;167
168;0;1;0;0;0;1;0;0;1;0;0;0;0;0;0;1;0;0;0;0;1;0;0;1;0;1;0;0;1;0;0;1;0;0;0;0;1;0;1;0;0;0;1;0;0;168
169;1;0;1;0;0;0;0;0;1;0;0;0;0;0;0;0;0;1;0;1;0;0;0;1;0;0;0;1;0;1;0;0;1;0;0;0;1;0;0;1;0;0;1;0;0;169
170;1;0;1;0;0;0;0;0;0;0;0;1;0;0;0;1;0;0;0;1;0;0;0;1;1;0;0;0;0;1;0;1;0;0;0;0;1;0;0;1;0;0;1;0;0;170
171;1;0;0;0;1;0;0;0;0;1;0;0;0;0;0;0;1;0;0;0;1;0;0;1;0;1;0;0;0;1;0;0;0;1;0;0;1;0;0;0;0;1;0;0;1;171
172;1;0;0;0;0;1;1;0;0;0;0;0;0;0;0;0;0;1;0;0;1;0;0;1;1;0;0;0;1;0;0;0;1;0;0;0;1;0;0;0;1;0;1;0;0;172
173;0;1;0;0;1;0;0;1;0;0;0;0;0;0;1;0;0;0;0;0;1;0;0;1;1;0;0;0;0;1;0;0;1;0;0;0;1;0;1;0;0;0;1;0;0;173
174;1;0;1;0;0;0;1;0;0;0;0;0;0;0;1;0;0;0;0;0;1;0;0;1;0;0;0;1;0;1;1;0;0;0;0;1;0;0;1;0;0;0;1;0;0;174
175;0;1;0;0;0;1;0;0;1;0;0;0;0;0;0;0;0;1;0;1;0;1;0;0;1;0;0;0;0;1;0;0;0;1;0;0;1;0;0;0;0;1;1;0;0;175
176;1;0;0;0;0;1;0;0;0;1;0;0;0;0;0;0;0;1;0;0;1;1;0;0;1;0;0;0;1;0;0;0;0;0;1;0;1;0;0;0;0;1;0;0;1;176
177;1;0;0;0;1;0;0;0;0;0;1;0;0;0;0;1;0;0;0;0;1;1;0;0;0;1;0;0;0;1;0;0;0;0;1;0;1;0;1;0;0;0;1;0;0;177
178;1;0;0;0;0;1;0;1;0;0;0;0;0;0;0;0;1;0;0;1;0;1;0;0;0;0;1;0;0;1;0;1;0;0;0;0;1;0;0;0;1;0;0;0;1;178
179;1;0;0;0;1;0;0;1;0;0;0;0;0;0;1;0;0;0;0;0;1;1;0;0;0;0;1;0;0;1;1;0;0;0;0;1;0;0;1;0;0;0;1;0;0;179
180;1;0;0;0;1;0;0;1;0;0;0;0;0;0;0;1;0;0;0;1;0;1;0;0;0;0;0;1;0;1;0;0;1;0;0;0;0;1;1;0;0;0;0;0;1;180
181;0;1;0;0;0;1;0;0;1;0;0;0;0;0;0;0;0;0;1;0;1;0;0;1;0;1;0;0;1;0;0;0;0;1;0;0;1;0;0;0;1;0;0;0;1;181
182;1;0;0;0;0;1;1;0;0;0;0;0;0;1;0;0;0;0;0;0;1;0;0;1;0;0;1;0;0;1;1;0;0;0;0;1;0;0;1;0;0;0;0;0;1;182
183;0;1;0;0;0;1;1;0;0;0;0;0;0;0;0;0;1;0;0;0;1;0;0;1;1;0;0;0;0;1;0;1;0;0;0;0;1;0;1;0;0;0;1;0;0;183
184;1;0;0;0;1;0;0;0;1;0;0;0;0;0;0;0;1;0;0;1;0;0;0;1;0;0;0;1;0;1;1;0;0;0;0;1;0;0;0;0;0;1;1;0;0;184
185;1;0;0;0;1;0;0;0;1;0;0;0;0;0;0;0;0;1;0;0;1;1;0;0;0;0;1;0;0;1;0;0;0;1;0;1;0;0;0;1;0;0;1;0;0;185
186;1;0;0;0;0;1;0;0;1;0;0;0;0;0;1;0;0;0;0;0;1;0;0;1;1;0;0;0;1;0;0;0;0;1;0;0;1;0;0;1;0;0;0;1;0;186
187;1;0;0;0;0;1;1;0;0;0;0;0;0;0;0;1;0;0;0;1;0;1;0;0;0;1;0;0;0;1;0;1;0;0;0;1;0;0;0;0;0;1;0;0;1;187
188;0;1;0;0;0;1;0;0;0;1;0;0;0;0;0;0;0;1;0;0;1;0;0;1;0;0;1;0;0;1;0;0;1;0;0;0;1;0;1;0;0;0;1;0;0;188
189;1;0;0;0;1;0;0;0;0;0;0;1;0;0;0;0;1;0;0;0;1;1;0;0;1;0;0;0;1;0;0;0;0;1;0;0;1;0;0;1;0;0;0;0;1;189
190;1;0;0;0;0;1;0;0;0;1;0;0;0;0;0;1;0;0;0;0;1;1;0;0;0;0;1;0;0;1;0;0;1;0;0;1;0;0;1;0;0;0;1;0;0;190
191;1;0;0;0;0;1;0;0;0;1;0;0;0;1;0;0;0;0;0;0;1;1;0;0;1;0;0;0;1;0;0;0;0;1;0;0;0;1;1;0;0;0;0;0;1;191
192;1;0;0;1;0;0;1;0;0;0;0;0;0;0;0;0;0;1;0;0;1;1;0;0;0;0;1;0;0;1;1;0;0;0;0;1;0;0;1;0;0;0;0;0;1;192
193;1;0;0;0;0;1;0;1;0;0;0;0;0;0;0;0;0;1;0;0;1;0;0;1;0;0;1;0;1;0;1;0;0;0;0;1;0;0;1;0;0;0;0;0;1;193
194;1;0;0;0;1;0;0;1;0;0;0;0;0;0;0;0;1;0;0;1;0;1;0;0;0;0;0;1;0;1;1;0;0;0;0;1;0;0;0;0;1;0;1;0;0;194
195;0;1;0;1;0;0;0;0;1;0;0;0;0;0;0;0;1;0;0;0;1;0;0;1;0;0;1;0;0;1;0;0;1;0;0;0;1;0;1;0;0;0;1;0;0;195
196;0;1;0;0;0;1;1;0;0;0;0;0;0;0;0;0;1;0;0;0;1;0;0;1;1;0;0;0;0;1;0;0;1;0;0;0;1;0;1;0;0;0;1;0;0;196
197;0;1;0;0;1;0;1;0;0;0;0;0;0;0;0;1;0;0;0;0;1;1;0;0;0;0;1;0;0;1;0;0;0;1;0;0;1;0;1;0;0;0;1;0;0;197
198;0;1;1;0;0;0;0;0;0;1;0;0;0;0;0;1;0;0;0;0;1;1;0;0;0;1;0;0;0;1;0;0;0;1;0;1;0;0;0;0;1;0;1;0;0;198
199;1;0;0;0;0;1;0;1;0;0;0;0;0;0;0;0;0;1;0;0;1;0;0;1;0;0;1;0;1;0;1;0;0;0;0;1;0;0;0;0;0;1;1;0;0;199
200;1;0;0;0;1;0;1;0;0;0;0;0;0;0;0;0;1;0;0;0;1;1;0;0;0;1;0;0;0;1;0;0;1;0;0;1;0;0;0;1;0;0;0;0;1;200
201;1;0;0;0;0;1;0;1;0;0;0;0;0;0;0;0;0;1;0;0;1;0;0;1;0;0;0;1;0;1;1;0;0;0;0;1;0;0;0;0;1;0;0;0;1;201
202;1;0;0;0;0;1;0;1;0;0;0;0;0;0;0;0;1;0;0;0;1;0;0;1;0;1;0;0;1;0;0;0;0;1;0;0;1;0;0;1;0;0;0;0;1;202
203;1;0;0;0;0;1;0;0;0;1;0;0;0;0;0;0;0;1;0;0;1;1;0;0;0;0;0;1;1;0;0;0;0;1;0;1;0;0;1;0;0;0;0;0;1;203
204;1;0;0;0;0;1;0;0;0;0;0;1;0;0;0;0;0;1;0;0;1;0;0;1;0;1;0;0;1;0;0;0;1;0;0;0;1;0;0;1;0;0;0;0;1;204
205;1;0;1;0;0;0;0;0;0;0;1;0;0;0;0;0;0;1;0;1;0;1;0;0;0;0;0;1;0;1;0;0;1;0;0;0;1;0;1;0;0;0;0;0;1;205
206;0;1;0;0;1;0;1;0;0;0;0;0;0;0;0;0;0;1;0;0;1;1;0;0;0;0;1;0;0;1;1;0;0;0;0;1;0;0;0;1;0;0;1;0;0;206
207;1;0;0;0;1;0;1;0;0;0;0;0;0;0;0;1;0;0;0;0;1;0;0;1;0;1;0;0;1;0;0;1;0;0;0;0;1;0;1;0;0;0;0;0;1;207
208;1;0;0;0;1;0;0;1;0;0;0;0;0;0;0;0;0;1;0;0;1;1;0;0;1;0;0;0;1;0;0;0;0;1;0;0;1;0;1;0;0;0;0;0;1;208
209;1;0;0;0;1;0;0;0;1;0;0;0;0;0;0;0;1;0;0;0;1;1;0;0;0;0;0;1;0;1;0;0;0;0;1;0;0;1;1;0;0;0;1;0;0;209
210;1;0;1;0;0;0;0;0;0;0;0;0;1;0;0;0;0;1;0;0;1;0;0;1;0;0;1;0;0;1;0;1;0;0;0;0;1;0;1;0;0;0;0;0;1;210
211;1;0;0;0;1;0;0;1;0;0;0;0;0;0;0;1;0;0;0;1;0;0;0;1;0;0;1;0;0;1;0;0;0;1;0;0;1;0;1;0;0;0;1;0;0;211
212;0;1;0;0;1;0;0;1;0;0;0;0;0;0;0;0;0;0;0;0;1;1;0;0;0;0;1;0;0;1;0;1;0;0;0;0;1;0;1;0;0;0;1;0;0;212
213;1;0;0;0;0;1;0;1;0;0;0;0;0;0;0;1;0;0;0;0;1;0;0;1;1;0;0;0;1;0;0;0;0;1;0;0;1;0;0;0;0;1;0;0;1;213
214;1;0;0;1;0;0;0;0;1;0;0;0;0;0;1;0;0;0;0;0;1;0;0;1;0;0;0;1;0;1;1;0;0;0;0;1;0;0;1;0;0;0;1;0;0;214
215;0;1;0;1;0;0;0;0;1;0;0;0;0;0;1;0;0;0;0;0;1;0;0;1;0;0;0;1;0;1;0;0;1;0;0;1;0;0;1;0;0;0;1;0;0;215
216;0;1;0;0;1;0;0;0;1;0;0;0;0;0;0;0;1;0;0;0;1;0;0;1;0;0;0;1;0;1;1;0;0;0;0;1;0;0;1;0;0;0;1;0;0;216
217;1;0;0;0;1;0;1;0;0;0;0;0;0;0;0;1;0;0;0;0;1;1;0;0;0;1;0;0;1;0;1;0;0;0;0;1;0;0;0;1;0;0;0;0;1;217
218;1;0;0;0;1;0;0;1;0;0;0;0;0;0;0;0;1;0;0;0;1;0;0;1;0;1;0;0;0;1;0;1;0;0;0;0;1;0;1;0;0;0;0;0;1;218
219;1;0;0;1;0;0;0;1;0;0;0;0;0;0;0;1;0;0;0;0;1;1;0;0;0;0;0;1;0;1;1;0;0;0;0;1;0;0;1;0;0;0;1;0;0;219
220;1;0;0;0;0;1;1;0;0;0;0;0;0;0;0;1;0;0;0;0;1;1;0;0;1;0;0;0;1;0;0;0;0;1;0;0;1;0;0;1;0;0;0;0;1;220
221;1;0;0;0;0;1;0;0;1;0;0;0;0;0;0;0;1;0;0;0;1;0;0;1;1;0;0;0;0;1;0;0;0;1;0;0;1;0;0;1;0;0;0;0;1;221
222;1;0;0;0;1;0;0;0;0;0;1;0;0;1;0;0;0;0;0;0;1;1;0;0;0;0;0;1;0;1;0;0;0;1;0;1;0;0;1;0;0;0;1;0;0;222
223;1;0;0;0;0;1;0;0;1;0;0;0;0;0;0;0;0;1;0;1;0;0;0;1;1;0;0;0;1;0;0;0;0;1;0;1;0;0;0;0;0;1;0;0;1;223
224;0;1;0;0;0;1;0;0;1;0;0;0;0;0;1;0;0;0;0;0;1;1;0;0;0;0;0;1;0;1;0;0;1;0;0;1;0;0;1;0;0;0;1;0;0;224
225;1;0;0;1;0;0;0;0;1;0;0;0;0;0;1;0;0;0;0;0;1;1;0;0;1;0;0;0;0;1;1;0;0;0;0;0;1;0;1;0;0;0;0;1;0;225
226;0;1;0;0;1;0;0;0;1;0;0;0;0;0;0;0;1;0;0;0;1;1;0;0;1;0;0;0;0;1;0;0;1;0;0;0;1;0;0;1;0;0;0;0;1;226
227;0;1;0;0;0;1;0;0;1;0;0;0;0;0;0;0;0;1;0;1;0;0;0;1;0;1;0;0;1;0;0;0;0;0;1;0;1;0;1;0;0;0;0;0;1;227
228;0;1;1;0;0;0;0;0;0;0;1;0;0;0;0;0;0;1;0;1;0;0;0;1;0;0;1;0;0;1;0;0;1;0;0;1;0;0;1;0;0;0;1;0;0;228
229;1;0;1;0;0;0;1;0;0;0;0;0;0;0;1;0;0;0;0;0;1;0;0;1;0;0;0;1;0;1;1;0;0;0;0;0;1;0;1;0;0;0;0;1;0;229
230;0;1;0;0;0;1;0;0;0;1;0;0;0;0;0;0;0;1;0;0;1;0;0;1;0;1;0;0;1;0;0;0;1;0;0;0;1;0;1;0;0;0;0;0;1;230
231;1;0;0;0;0;1;1;0;0;0;0;0;0;0;0;1;0;0;0;0;1;1;0;0;0;1;0;0;0;1;0;0;1;0;0;0;1;0;1;0;0;0;0;0;1;231
232;1;0;0;0;0;1;1;0;0;0;0;0;0;0;0;0;1;0;0;0;1;0;0;1;0;0;0;1;0;1;1;0;0;0;0;1;0;0;1;0;0;0;1;0;0;232
233;1;0;0;0;0;1;0;1;0;0;0;0;0;0;0;0;1;0;0;0;1;1;0;0;0;0;1;0;1;0;1;0;0;0;0;1;0;0;0;1;0;0;0;0;1;233
234;1;0;0;0;1;0;0;0;1;0;0;0;0;0;0;1;0;0;0;0;1;1;0;0;0;1;0;0;0;1;0;0;0;1;0;0;1;0;0;0;0;1;0;0;1;234
235;0;1;0;0;0;1;0;0;0;0;0;1;0;1;0;0;0;0;0;0;1;0;0;1;0;1;0;0;0;1;0;0;0;0;1;0;0;1;0;0;0;1;0;0;1;235
236;0;1;0;0;0;1;0;0;1;0;0;0;0;0;0;1;0;0;0;0;1;0;0;1;0;0;1;0;0;1;1;0;0;0;0;1;0;0;1;0;0;0;1;0;0;236
237;1;0;0;0;0;1;0;1;0;0;0;0;0;0;1;0;0;0;0;0;1;0;0;1;1;0;0;0;1;0;0;0;0;1;0;0;1;0;1;0;0;0;0;0;1;237
238;1;0;0;0;1;0;0;0;1;0;0;0;0;0;0;0;1;0;0;0;1;0;0;1;0;0;1;0;0;1;1;0;0;0;0;1;0;0;1;0;0;0;1;0;0;238
239;1;0;0;1;0;0;0;1;0;0;0;0;0;0;0;0;0;1;0;0;1;1;0;0;0;0;0;1;0;1;0;1;0;0;0;1;0;0;1;0;0;0;1;0;0;239
240;1;0;0;0;1;0;0;0;0;0;0;0;1;0;0;0;1;0;0;1;0;0;0;1;0;1;0;0;1;0;0;0;0;1;0;0;1;0;1;0;0;0;0;0;1;240
241;1;0;0;0;1;0;0;0;0;1;0;0;0;0;0;0;0;1;0;0;1;0;0;1;0;0;0;1;0;1;1;0;0;0;0;1;0;0;1;0;0;0;1;0;0;241
242;0;1;0;0;0;1;0;0;1;0;0;0;0;0;0;0;1;0;0;0;1;0;0;1;0;1;0;0;0;1;0;1;0;0;0;0;1;0;1;0;0;0;1;0;0;242
243;0;1;0;0;0;1;0;0;0;1;0;0;0;0;0;0;1;0;0;0;1;0;0;1;0;0;1;0;0;1;0;0;0;0;1;0;0;1;0;0;1;0;1;0;0;243
244;0;1;0;0;1;0;0;0;0;1;0;0;0;0;0;0;0;1;0;0;1;0;0;1;0;1;0;0;0;1;0;0;1;0;0;1;0;0;0;1;0;0;1;0;0;244
245;1;0;0;0;0;1;0;0;1;0;0;0;0;0;0;0;1;0;0;0;1;1;0;0;0;1;0;0;1;0;0;0;1;0;0;1;0;0;0;1;0;0;0;0;1;245
246;1;0;0;0;0;1;1;0;0;0;0;0;0;0;0;0;1;0;0;0;1;0;0;1;0;0;1;0;0;1;0;1;0;0;0;1;0;0;0;0;1;0;0;1;0;246
247;0;1;0;0;1;0;0;0;0;0;1;0;0;0;0;0;1;0;0;0;1;1;0;0;0;1;0;0;0;1;0;0;1;0;0;1;0;0;1;0;0;0;1;0;0;247
248;1;0;0;0;1;0;0;0;0;1;0;0;0;0;1;0;0;0;0;0;1;0;0;1;0;0;1;0;0;1;0;0;0;0;1;0;1;0;1;0;0;0;1;0;0;248
249;1;0;0;0;0;1;0;0;0;1;0;0;0;0;0;0;0;1;0;0;1;0;0;1;0;1;0;0;1;0;0;0;0;1;0;0;1;0;0;0;1;0;0;0;1;249
250;1;0;0;0;0;1;0;1;0;0;0;0;0;0;1;0;0;0;0;0;1;1;0;0;1;0;0;0;0;1;0;0;1;0;0;0;1;0;0;1;0;0;0;0;1;250
251;1;0;0;1;0;0;0;0;1;0;0;0;0;0;0;1;0;0;0;0;1;0;0;1;0;0;0;1;0;1;1;0;0;0;0;1;0;0;1;0;0;0;1;0;0;251
252;1;0;0;0;0;1;1;0;0;0;0;0;0;0;0;0;0;1;0;0;1;0;0;1;0;1;0;0;0;1;1;0;0;0;0;1;0;0;0;1;0;0;1;0;0;252
253;1;0;0;0;1;0;1;0;0;0;0;0;0;0;0;0;0;0;0;0;1;1;0;0;1;0;0;0;0;1;0;1;0;0;0;1;0;0;1;0;0;0;1;0;0;253
254;1;0;0;0;1;0;0;0;0;0;1;0;0;0;1;0;0;0;0;1;0;1;0;0;0;0;1;0;0;1;0;0;0;1;0;1;0;0;1;0;0;0;1;0;0;254
255;0;1;0;1;0;0;0;0;0;0;0;1;0;0;0;0;0;1;0;0;1;1;0;0;0;0;1;0;0;1;0;1;0;0;0;1;0;0;0;0;1;0;1;0;0;255
256;1;0;0;0;1;0;0;0;0;0;1;0;0;0;0;1;0;0;0;1;0;1;0;0;0;1;0;0;1;0;0;0;1;0;0;0;1;0;1;0;0;0;1;0;0;256
257;1;0;0;0;0;1;0;0;1;0;0;0;0;0;0;0;0;1;0;0;1;1;0;0;1;0;0;0;1;0;0;0;1;0;0;0;1;0;0;1;0;0;0;0;1;257
258;1;0;0;0;1;0;0;0;0;1;0;0;0;0;0;0;0;1;0;0;1;1;0;0;0;0;1;0;0;1;1;0;0;0;0;1;0;0;1;0;0;0;1;0;0;258
259;1;0;0;0;0;1;0;0;0;0;1;0;0;0;0;0;1;0;0;0;1;1;0;0;0;0;0;1;0;1;0;0;1;0;0;1;0;0;1;0;0;0;1;0;0;259
260;0;1;0;0;1;0;0;1;0;0;0;0;0;0;0;0;0;1;0;0;1;1;0;0;0;0;0;1;0;1;1;0;0;0;0;1;0;0;1;0;0;0;1;0;0;260
261;1;0;0;0;0;1;0;0;1;0;0;0;0;0;1;0;0;0;0;0;1;0;0;1;1;0;0;0;1;0;0;0;0;1;0;0;1;0;0;0;1;0;0;0;1;261
262;1;0;0;1;0;0;0;1;0;0;0;0;0;0;0;0;0;1;0;0;1;0;0;1;0;0;1;0;0;1;0;0;0;1;0;0;1;0;1;0;0;0;1;0;0;262
263;1;0;0;1;0;0;0;0;1;0;0;0;0;0;0;0;1;0;0;0;1;1;0;0;0;0;0;1;0;1;0;1;0;0;0;1;0;0;1;0;0;0;1;0;0;263
264;1;0;0;1;0;0;1;0;0;0;0;0;0;0;0;1;0;0;0;0;1;1;0;0;0;0;0;1;0;1;0;0;1;0;0;0;0;1;1;0;0;0;0;0;1;264
265;1;0;0;0;1;0;0;0;0;0;0;0;1;0;1;0;0;0;0;1;0;1;0;0;0;0;1;0;0;1;0;1;0;0;0;1;0;0;1;0;0;0;0;0;1;265
266;1;0;0;1;0;0;0;1;0;0;0;0;0;0;0;0;1;0;0;0;1;1;0;0;0;0;0;1;0;1;1;0;0;0;0;1;0;0;1;0;0;0;0;0;1;266
267;0;1;0;1;0;0;0;0;0;1;0;0;0;0;0;0;0;1;0;0;1;0;0;1;0;1;0;0;0;1;0;0;1;0;0;0;1;0;1;0;0;0;1;0;0;267
268;1;0;0;0;0;1;0;0;0;1;0;0;0;0;1;0;0;0;0;0;1;1;0;0;0;1;0;0;0;1;0;1;0;0;0;0;1;0;1;0;0;0;0;1;0;268
269;1;0;0;0;0;1;0;0;0;0;0;1;0;0;0;0;0;1;0;0;1;0;0;1;1;0;0;0;1;0;0;0;1;0;0;0;1;0;0;0;0;1;1;0;0;269
