0;0;1;1
0;1;0;1
0;2;0;1
0;3;0;1
1;0;1;2
1;1;0;2
1;2;0;2
1;3;0;2
2;0;1;3
2;1;0;3
2;2;0;3
2;3;0;3
3;0;1;4
3;1;0;4
3;2;0;4
3;3;0;4
4;0;1;5
4;1;0;5
4;2;0;5
4;3;0;5
5;0;1;6
5;1;0;6
5;2;0;6
5;3;0;6
6;0;1;7
6;1;0;7
6;2;0;7
6;3;0;7
7;0;1;8
7;1;0;8
7;2;0;8
7;3;0;8
8;0;1;9
8;1;0;9
8;2;0;9
8;3;0;9
9;0;1;10
9;1;0;10
9;2;0;10
9;3;0;10
10;0;1;11
10;1;0;11
10;2;0;11
10;3;0;11
11;0;1;12
11;1;0;12
11;2;0;12
11;3;0;12
12;0;1;13
12;1;0;13
12;2;0;13
12;3;0;13
13;0;1;14
13;1;0;14
13;2;0;14
13;3;0;14
14;0;1;15
14;1;0;15
14;2;0;15
14;3;0;15
15;0;1;16
15;1;0;16
15;2;0;16
15;3;0;16
16;0;1;17
16;1;0;17
16;2;0;17
16;3;0;17
17;0;1;18
17;1;0;18
17;2;0;18
17;3;0;18
18;0;1;19
18;1;0;19
18;2;0;19
18;3;0;19
19;0;1;20
19;1;0;20
19;2;0;20
19;3;0;20
20;0;1;21
20;1;0;21
20;2;0;21
20;3;0;21
21;0;1;22
21;1;0;22
21;2;0;22
21;3;0;22
22;0;1;23
22;1;0;23
22;2;0;23
22;3;0;23
23;0;1;24
23;1;0;24
23;2;0;24
23;3;0;24
24;0;1;25
24;1;0;25
24;2;0;25
24;3;0;25
25;0;1;26
25;1;0;26
25;2;0;26
25;3;0;26
26;0;1;27
26;1;0;27
26;2;0;27
26;3;0;27
27;0;1;28
27;1;0;28
27;2;0;28
27;3;0;28
28;0;1;29
28;1;0;29
28;2;0;29
28;3;0;29
29;0;1;30
29;1;0;30
29;2;0;30
29;3;0;30
30;0;1;31
30;1;0;31
30;2;0;31
30;3;0;31
31;0;1;32
31;1;0;32
31;2;0;32
31;3;0;32
32;0;1;33
32;1;0;33
32;2;0;33
32;3;0;33
33;0;1;34
33;1;0;34
33;2;0;34
33;3;0;34
34;0;1;35
34;1;0;35
34;2;0;35
34;3;0;35
35;0;1;36
35;1;0;36
35;2;0;36
35;3;0;36
36;0;1;37
36;1;0;37
36;2;0;37
36;3;0;37
37;0;1;38
37;1;0;38
37;2;0;38
37;3;0;38
38;0;1;39
38;1;0;39
38;2;0;39
38;3;0;39
39;0;1;40
39;1;0;40
39;2;0;40
39;3;0;40
40;0;1;41
40;1;0;41
40;2;0;41
40;3;0;41
41;0;1;42
41;1;0;42
41;2;0;42
41;3;0;42
42;0;1;43
42;1;0;43
42;2;0;43
42;3;0;43
43;0;1;44
43;1;0;44
43;2;0;44
43;3;0;44
44;0;1;45
44;1;0;45
44;2;0;45
44;3;0;45
45;0;1;46
45;1;0;46
45;2;0;46
45;3;0;46
46;0;1;47
46;1;0;47
46;2;0;47
46;3;0;47
47;0;1;48
47;1;0;48
47;2;0;48
47;3;0;48
48;0;1;49
48;1;0;49
48;2;0;49
48;3;0;49
49;0;1;50
49;1;0;50
49;2;0;50
49;3;0;50
50;0;1;51
50;1;0;51
50;2;0;51
50;3;0;51
51;0;1;52
51;1;0;52
51;2;0;52
51;3;0;52
52;0;1;53
52;1;0;53
52;2;0;53
52;3;0;53
53;0;1;54
53;1;0;54
53;2;0;54
53;3;0;54
54;0;1;55
54;1;0;55
54;2;0;55
54;3;0;55
55;0;1;56
55;1;0;56
55;2;0;56
55;3;0;56
56;0;1;57
56;1;0;57
56;2;0;57
56;3;0;57
57;0;1;58
57;1;0;58
57;2;0;58
57;3;0;58
58;0;1;59
58;1;0;59
58;2;0;59
58;3;0;59
59;0;1;60
59;1;0;60
59;2;0;60
59;3;0;60
60;0;1;61
60;1;0;61
60;2;0;61
60;3;0;61
61;0;1;62
61;1;0;62
61;2;0;62
61;3;0;62
62;0;1;63
62;1;0;63
62;2;0;63
62;3;0;63
63;0;1;64
63;1;0;64
63;2;0;64
63;3;0;64
64;0;1;65
64;1;0;65
64;2;0;65
64;3;0;65
65;0;1;66
65;1;0;66
65;2;0;66
65;3;0;66
66;0;1;67
66;1;0;67
66;2;0;67
66;3;0;67
67;0;1;68
67;1;0;68
67;2;0;68
67;3;0;68
68;0;1;69
68;1;0;69
68;2;0;69
68;3;0;69
69;0;1;70
69;1;0;70
69;2;0;70
69;3;0;70
70;0;1;71
70;1;0;71
70;2;0;71
70;3;0;71
71;0;1;72
71;1;0;72
71;2;0;72
71;3;0;72
72;0;1;73
72;1;0;73
72;2;0;73
72;3;0;73
73;0;1;74
73;1;0;74
73;2;0;74
73;3;0;74
74;0;1;75
74;1;0;75
74;2;0;75
74;3;0;75
75;0;1;76
75;1;0;76
75;2;0;76
75;3;0;76
76;0;1;77
76;1;0;77
76;2;0;77
76;3;0;77
77;0;1;78
77;1;0;78
77;2;0;78
77;3;0;78
78;0;1;79
78;1;0;79
78;2;0;79
78;3;0;79
79;0;1;80
79;1;0;80
79;2;0;80
79;3;0;80
80;0;1;81
80;1;0;81
80;2;0;81
80;3;0;81
81;0;1;82
81;1;0;82
81;2;0;82
81;3;0;82
82;0;1;83
82;1;0;83
82;2;0;83
82;3;0;83
83;0;1;84
83;1;0;84
83;2;0;84
83;3;0;84
84;0;1;85
84;1;0;85
84;2;0;85
84;3;0;85
85;0;1;86
85;1;0;86
85;2;0;86
85;3;0;86
86;0;1;87
86;1;0;87
86;2;0;87
86;3;0;87
87;0;1;88
87;1;0;88
87;2;0;88
87;3;0;88
88;0;1;89
88;1;0;89
88;2;0;89
88;3;0;89
89;0;1;90
89;1;0;90
89;2;0;90
89;3;0;90
90;0;1;91
90;1;0;91
90;2;0;91
90;3;0;91
91;0;1;92
91;1;0;92
91;2;0;92
91;3;0;92
92;0;1;93
92;1;0;93
92;2;0;93
92;3;0;93
93;0;1;94
93;1;0;94
93;2;0;94
93;3;0;94
94;0;1;95
94;1;0;95
94;2;0;95
94;3;0;95
95;0;1;96
95;1;0;96
95;2;0;96
95;3;0;96
96;0;1;97
96;1;0;97
96;2;0;97
96;3;0;97
97;0;1;98
97;1;0;98
97;2;0;98
97;3;0;98
98;0;1;99
98;1;0;99
98;2;0;99
98;3;0;99
99;0;1;100
99;1;0;100
99;2;0;100
99;3;0;100
100;0;1;101
100;1;0;101
100;2;0;101
100;3;0;101
101;0;1;102
101;1;0;102
101;2;0;102
101;3;0;102
102;0;1;103
102;1;0;103
102;2;0;103
102;3;0;103
103;0;1;104
103;1;0;104
103;2;0;104
103;3;0;104
104;0;1;105
104;1;0;105
104;2;0;105
104;3;0;105
105;0;1;106
105;1;0;106
105;2;0;106
105;3;0;106
106;0;1;107
106;1;0;107
106;2;0;107
106;3;0;107
107;0;1;108
107;1;0;108
107;2;0;108
107;3;0;108
108;0;1;109
108;1;0;109
108;2;0;109
108;3;0;109
109;0;1;110
109;1;0;110
109;2;0;110
109;3;0;110
110;0;1;111
110;1;0;111
110;2;0;111
110;3;0;111
111;0;1;112
111;1;0;112
111;2;0;112
111;3;0;112
112;0;1;113
112;1;0;113
112;2;0;113
112;3;0;113
113;0;1;114
113;1;0;114
113;2;0;114
113;3;0;114
114;0;1;115
114;1;0;115
114;2;0;115
114;3;0;115
115;0;1;116
115;1;0;116
115;2;0;116
115;3;0;116
116;0;1;117
116;1;0;117
116;2;0;117
116;3;0;117
117;0;1;118
117;1;0;118
117;2;0;118
117;3;0;118
118;0;1;119
118;1;0;119
118;2;0;119
118;3;0;119
119;0;1;120
119;1;0;120
119;2;0;120
119;3;0;120
120;0;1;121
120;1;0;121
120;2;0;121
120;3;0;121
121;0;1;122
121;1;0;122
121;2;0;122
121;3;0;122
122;0;1;123
122;1;0;123
122;2;0;123
122;3;0;123
123;0;1;124
123;1;0;124
123;2;0;124
123;3;0;124
124;0;1;125
124;1;0;125
124;2;0;125
124;3;0;125
125;0;1;126
125;1;0;126
125;2;0;126
125;3;0;126
126;0;1;127
126;1;0;127
126;2;0;127
126;3;0;127
127;0;1;128
127;1;0;128
127;2;0;128
127;3;0;128
128;0;1;129
128;1;0;129
128;2;0;129
128;3;0;129
129;0;1;130
129;1;0;130
129;2;0;130
129;3;0;130
130;0;1;131
130;1;0;131
130;2;0;131
130;3;0;131
131;0;1;132
131;1;0;132
131;2;0;132
131;3;0;132
132;0;1;133
132;1;0;133
132;2;0;133
132;3;0;133
133;0;1;134
133;1;0;134
133;2;0;134
133;3;0;134
134;0;1;135
134;1;0;135
134;2;0;135
134;3;0;135
135;0;1;136
135;1;0;136
135;2;0;136
135;3;0;136
136;0;1;137
136;1;0;137
136;2;0;137
136;3;0;137
137;0;1;138
137;1;0;138
137;2;0;138
137;3;0;138
138;0;1;139
138;1;0;139
138;2;0;139
138;3;0;139
139;0;1;140
139;1;0;140
139;2;0;140
139;3;0;140
140;0;1;141
140;1;0;141
140;2;0;141
140;3;0;141
141;0;1;142
141;1;0;142
141;2;0;142
141;3;0;142
142;0;1;143
142;1;0;143
142;2;0;143
142;3;0;143
143;0;1;144
143;1;0;144
143;2;0;144
143;3;0;144
144;0;1;145
144;1;0;145
144;2;0;145
144;3;0;145
145;0;1;146
145;1;0;146
145;2;0;146
145;3;0;146
146;0;1;147
146;1;0;147
146;2;0;147
146;3;0;147
147;0;1;148
147;1;0;148
147;2;0;148
147;3;0;148
148;0;1;149
148;1;0;149
148;2;0;149
148;3;0;149
149;0;1;150
149;1;0;150
149;2;0;150
149;3;0;150
150;0;1;151
150;1;0;151
150;2;0;151
150;3;0;151
151;0;1;152
151;1;0;152
151;2;0;152
151;3;0;152
152;0;1;153
152;1;0;153
152;2;0;153
152;3;0;153
153;0;1;154
153;1;0;154
153;2;0;154
153;3;0;154
154;0;1;155
154;1;0;155
154;2;0;155
154;3;0;155
155;0;1;156
155;1;0;156
155;2;0;156
155;3;0;156
156;0;1;157
156;1;0;157
156;2;0;157
156;3;0;157
157;0;1;158
157;1;0;158
157;2;0;158
157;3;0;158
158;0;1;159
158;1;0;159
158;2;0;159
158;3;0;159
159;0;1;160
159;1;0;160
159;2;0;160
159;3;0;160
160;0;1;161
160;1;0;161
160;2;0;161
160;3;0;161
161;0;1;162
161;1;0;162
161;2;0;162
161;3;0;162
162;0;1;163
162;1;0;163
162;2;0;163
162;3;0;163
163;0;1;164
163;1;0;164
163;2;0;164
163;3;0;164
164;0;1;165
164;1;0;165
164;2;0;165
164;3;0;165
165;0;1;166
165;1;0;166
165;2;0;166
165;3;0;166
166;0;1;167
166;1;0;167
166;2;0;167
166;3;0;167
167;0;1;168
167;1;0;168
167;2;0;168
167;3;0;168
168;0;1;169
168;1;0;169
168;2;0;169
168;3;0;169
169;0;1;170
169;1;0;170
169;2;0;170
169;3;0;170
170;0;1;171
170;1;0;171
170;2;0;171
170;3;0;171
171;0;1;172
171;1;0;172
171;2;0;172
171;3;0;172
172;0;1;173
172;1;0;173
172;2;0;173
172;3;0;173
173;0;1;174
173;1;0;174
173;2;0;174
173;3;0;174
174;0;1;175
174;1;0;175
174;2;0;175
174;3;0;175
175;0;1;176
175;1;0;176
175;2;0;176
175;3;0;176
176;0;1;177
176;1;0;177
176;2;0;177
176;3;0;177
177;0;1;178
177;1;0;178
177;2;0;178
177;3;0;178
178;0;1;179
178;1;0;179
178;2;0;179
178;3;0;179
179;0;1;180
179;1;0;180
179;2;0;180
179;3;0;180
180;0;1;181
180;1;0;181
180;2;0;181
180;3;0;181
181;0;1;182
181;1;0;182
181;2;0;182
181;3;0;182
182;0;1;183
182;1;0;183
182;2;0;183
182;3;0;183
183;0;1;184
183;1;0;184
183;2;0;184
183;3;0;184
184;0;1;185
184;1;0;185
184;2;0;185
184;3;0;185
185;0;1;186
185;1;0;186
185;2;0;186
185;3;0;186
186;0;1;187
186;1;0;187
186;2;0;187
186;3;0;187
187;0;1;188
187;1;0;188
187;2;0;188
187;3;0;188
188;0;1;189
188;1;0;189
188;2;0;189
188;3;0;189
189;0;1;190
189;1;0;190
189;2;0;190
189;3;0;190
190;0;1;191
190;1;0;191
190;2;0;191
190;3;0;191
191;0;1;192
191;1;0;192
191;2;0;192
191;3;0;192
192;0;1;193
192;1;0;193
192;2;0;193
192;3;0;193
193;0;1;194
193;1;0;194
193;2;0;194
193;3;0;194
194;0;1;195
194;1;0;195
194;2;0;195
194;3;0;195
195;0;1;196
195;1;0;196
195;2;0;196
195;3;0;196
196;0;1;197
196;1;0;197
196;2;0;197
196;3;0;197
197;0;1;198
197;1;0;198
197;2;0;198
197;3;0;198
198;0;1;199
198;1;0;199
198;2;0;199
198;3;0;199
199;0;1;200
199;1;0;200
199;2;0;200
199;3;0;200
200;0;1;201
200;1;0;201
200;2;0;201
200;3;0;201
201;0;1;202
201;1;0;202
201;2;0;202
201;3;0;202
202;0;1;203
202;1;0;203
202;2;0;203
202;3;0;203
203;0;1;204
203;1;0;204
203;2;0;204
203;3;0;204
204;0;1;205
204;1;0;205
204;2;0;205
204;3;0;205
205;0;1;206
205;1;0;206
205;2;0;206
205;3;0;206
206;0;1;207
206;1;0;207
206;2;0;207
206;3;0;207
207;0;1;208
207;1;0;208
207;2;0;208
207;3;0;208
208;0;1;209
208;1;0;209
208;2;0;209
208;3;0;209
209;0;1;210
209;1;0;210
209;2;0;210
209;3;0;210
210;0;1;211
210;1;0;211
210;2;0;211
210;3;0;211
211;0;1;212
211;1;0;212
211;2;0;212
211;3;0;212
212;0;1;213
212;1;0;213
212;2;0;213
212;3;0;213
213;0;1;214
213;1;0;214
213;2;0;214
213;3;0;214
214;0;1;215
214;1;0;215
214;2;0;215
214;3;0;215
215;0;1;216
215;1;0;216
215;2;0;216
215;3;0;216
216;0;1;217
216;1;0;217
216;2;0;217
216;3;0;217
217;0;1;218
217;1;0;218
217;2;0;218
217;3;0;218
218;0;1;219
218;1;0;219
218;2;0;219
218;3;0;219
219;0;1;220
219;1;0;220
219;2;0;220
219;3;0;220
220;0;1;221
220;1;0;221
220;2;0;221
220;3;0;221
221;0;1;222
221;1;0;222
221;2;0;222
221;3;0;222
222;0;1;223
222;1;0;223
222;2;0;223
222;3;0;223
223;0;1;224
223;1;0;224
223;2;0;224
223;3;0;224
224;0;1;225
224;1;0;225
224;2;0;225
224;3;0;225
225;0;1;226
225;1;0;226
225;2;0;226
225;3;0;226
226;0;1;227
226;1;0;227
226;2;0;227
226;3;0;227
227;0;1;228
227;1;0;228
227;2;0;228
227;3;0;228
228;0;1;229
228;1;0;229
228;2;0;229
228;3;0;229
229;0;1;230
229;1;0;230
229;2;0;230
229;3;0;230
230;0;1;231
230;1;0;231
230;2;0;231
230;3;0;231
231;0;1;232
231;1;0;232
231;2;0;232
231;3;0;232
232;0;1;233
232;1;0;233
232;2;0;233
232;3;0;233
233;0;1;234
233;1;0;234
233;2;0;234
233;3;0;234
234;0;1;235
234;1;0;235
234;2;0;235
234;3;0;235
235;0;1;236
235;1;0;236
235;2;0;236
235;3;0;236
236;0;1;237
236;1;0;237
236;2;0;237
236;3;0;237
237;0;1;238
237;1;0;238
237;2;0;238
237;3;0;238
238;0;1;239
238;1;0;239
238;2;0;239
238;3;0;239
239;0;1;240
239;1;0;240
239;2;0;240
239;3;0;240
240;0;1;241
240;1;0;241
240;2;0;241
240;3;0;241
241;0;1;242
241;1;0;242
241;2;0;242
241;3;0;242
242;0;1;243
242;1;0;243
242;2;0;243
242;3;0;243
243;0;1;244
243;1;0;244
243;2;0;244
243;3;0;244
244;0;1;245
244;1;0;245
244;2;0;245
244;3;0;245
245;0;1;246
245;1;0;246
245;2;0;246
245;3;0;246
246;0;1;247
246;1;0;247
246;2;0;247
246;3;0;247
247;0;1;248
247;1;0;248
247;2;0;248
247;3;0;248
248;0;1;249
248;1;0;249
248;2;0;249
248;3;0;249
249;0;1;250
249;1;0;250
249;2;0;250
249;3;0;250
250;0;0;251
250;1;1;251
250;2;0;251
250;3;0;251
251;0;0;252
251;1;1;252
251;2;0;252
251;3;0;252
252;0;0;253
252;1;1;253
252;2;0;253
252;3;0;253
253;0;0;254
253;1;1;254
253;2;0;254
253;3;0;254
254;0;0;255
254;1;1;255
254;2;0;255
254;3;0;255
255;0;0;256
255;1;1;256
255;2;0;256
255;3;0;256
256;0;0;257
256;1;1;257
256;2;0;257
256;3;0;257
257;0;0;258
257;1;1;258
257;2;0;258
257;3;0;258
258;0;0;259
258;1;1;259
258;2;0;259
258;3;0;259
259;0;0;260
259;1;1;260
259;2;0;260
259;3;0;260
260;0;0;261
260;1;1;261
260;2;0;261
260;3;0;261
261;0;0;262
261;1;1;262
261;2;0;262
261;3;0;262
262;0;0;263
262;1;1;263
262;2;0;263
262;3;0;263
263;0;0;264
263;1;1;264
263;2;0;264
263;3;0;264
264;0;0;265
264;1;1;265
264;2;0;265
264;3;0;265
265;0;0;266
265;1;1;266
265;2;0;266
265;3;0;266
266;0;0;267
266;1;1;267
266;2;0;267
266;3;0;267
267;0;0;268
267;1;1;268
267;2;0;268
267;3;0;268
268;0;0;269
268;1;1;269
268;2;0;269
268;3;0;269
269;0;0;270
269;1;1;270
269;2;0;270
269;3;0;270
270;0;0;271
270;1;1;271
270;2;0;271
270;3;0;271
271;0;0;272
271;1;1;272
271;2;0;272
271;3;0;272
272;0;0;273
272;1;1;273
272;2;0;273
272;3;0;273
273;0;0;274
273;1;1;274
273;2;0;274
273;3;0;274
274;0;0;275
274;1;1;275
274;2;0;275
274;3;0;275
275;0;0;276
275;1;1;276
275;2;0;276
275;3;0;276
276;0;0;277
276;1;1;277
276;2;0;277
276;3;0;277
277;0;0;278
277;1;1;278
277;2;0;278
277;3;0;278
278;0;0;279
278;1;1;279
278;2;0;279
278;3;0;279
279;0;0;280
279;1;1;280
279;2;0;280
279;3;0;280
280;0;0;281
280;1;1;281
280;2;0;281
280;3;0;281
281;0;0;282
281;1;1;282
281;2;0;282
281;3;0;282
282;0;0;283
282;1;1;283
282;2;0;283
282;3;0;283
283;0;0;284
283;1;1;284
283;2;0;284
283;3;0;284
284;0;0;285
284;1;1;285
284;2;0;285
284;3;0;285
285;0;0;286
285;1;1;286
285;2;0;286
285;3;0;286
286;0;0;287
286;1;1;287
286;2;0;287
286;3;0;287
287;0;0;288
287;1;1;288
287;2;0;288
287;3;0;288
288;0;0;289
288;1;1;289
288;2;0;289
288;3;0;289
289;0;0;290
289;1;1;290
289;2;0;290
289;3;0;290
290;0;0;291
290;1;1;291
290;2;0;291
290;3;0;291
291;0;0;292
291;1;1;292
291;2;0;292
291;3;0;292
292;0;0;293
292;1;1;293
292;2;0;293
292;3;0;293
293;0;0;294
293;1;1;294
293;2;0;294
293;3;0;294
294;0;0;295
294;1;1;295
294;2;0;295
294;3;0;295
295;0;0;296
295;1;1;296
295;2;0;296
295;3;0;296
296;0;0;297
296;1;1;297
296;2;0;297
296;3;0;297
297;0;0;298
297;1;1;298
297;2;0;298
297;3;0;298
298;0;0;299
298;1;1;299
298;2;0;299
298;3;0;299
299;0;0;300
299;1;1;300
299;2;0;300
299;3;0;300
300;0;0;301
300;1;1;301
300;2;0;301
300;3;0;301
301;0;0;302
301;1;1;302
301;2;0;302
301;3;0;302
302;0;0;303
302;1;1;303
302;2;0;303
302;3;0;303
303;0;0;304
303;1;1;304
303;2;0;304
303;3;0;304
304;0;0;305
304;1;1;305
304;2;0;305
304;3;0;305
305;0;0;306
305;1;1;306
305;2;0;306
305;3;0;306
306;0;0;307
306;1;1;307
306;2;0;307
306;3;0;307
307;0;0;308
307;1;1;308
307;2;0;308
307;3;0;308
308;0;0;309
308;1;1;309
308;2;0;309
308;3;0;309
309;0;0;310
309;1;1;310
309;2;0;310
309;3;0;310
310;0;0;311
310;1;1;311
310;2;0;311
310;3;0;311
311;0;0;312
311;1;1;312
311;2;0;312
311;3;0;312
312;0;0;313
312;1;1;313
312;2;0;313
312;3;0;313
313;0;0;314
313;1;1;314
313;2;0;314
313;3;0;314
314;0;0;315
314;1;1;315
314;2;0;315
314;3;0;315
315;0;0;316
315;1;1;316
315;2;0;316
315;3;0;316
316;0;0;317
316;1;1;317
316;2;0;317
316;3;0;317
317;0;0;318
317;1;1;318
317;2;0;318
317;3;0;318
318;0;0;319
318;1;1;319
318;2;0;319
318;3;0;319
319;0;0;320
319;1;1;320
319;2;0;320
319;3;0;320
320;0;0;321
320;1;1;321
320;2;0;321
320;3;0;321
321;0;0;322
321;1;1;322
321;2;0;322
321;3;0;322
322;0;0;323
322;1;1;323
322;2;0;323
322;3;0;323
323;0;0;324
323;1;1;324
323;2;0;324
323;3;0;324
324;0;0;325
324;1;1;325
324;2;0;325
324;3;0;325
325;0;0;326
325;1;1;326
325;2;0;326
325;3;0;326
326;0;0;327
326;1;1;327
326;2;0;327
326;3;0;327
327;0;0;328
327;1;1;328
327;2;0;328
327;3;0;328
328;0;0;329
328;1;1;329
328;2;0;329
328;3;0;329
329;0;0;330
329;1;1;330
329;2;0;330
329;3;0;330
330;0;0;331
330;1;1;331
330;2;0;331
330;3;0;331
331;0;0;332
331;1;1;332
331;2;0;332
331;3;0;332
332;0;0;333
332;1;1;333
332;2;0;333
332;3;0;333
333;0;0;334
333;1;1;334
333;2;0;334
333;3;0;334
334;0;0;335
334;1;1;335
334;2;0;335
334;3;0;335
335;0;0;336
335;1;1;336
335;2;0;336
335;3;0;336
336;0;0;337
336;1;1;337
336;2;0;337
336;3;0;337
337;0;0;338
337;1;1;338
337;2;0;338
337;3;0;338
338;0;0;339
338;1;1;339
338;2;0;339
338;3;0;339
339;0;0;340
339;1;1;340
339;2;0;340
339;3;0;340
340;0;0;341
340;1;1;341
340;2;0;341
340;3;0;341
341;0;0;342
341;1;1;342
341;2;0;342
341;3;0;342
342;0;0;343
342;1;1;343
342;2;0;343
342;3;0;343
343;0;0;344
343;1;1;344
343;2;0;344
343;3;0;344
344;0;0;345
344;1;1;345
344;2;0;345
344;3;0;345
345;0;0;346
345;1;1;346
345;2;0;346
345;3;0;346
346;0;0;347
346;1;1;347
346;2;0;347
346;3;0;347
347;0;0;348
347;1;1;348
347;2;0;348
347;3;0;348
348;0;0;349
348;1;1;349
348;2;0;349
348;3;0;349
349;0;0;350
349;1;1;350
349;2;0;350
349;3;0;350
350;0;0;351
350;1;1;351
350;2;0;351
350;3;0;351
351;0;0;352
351;1;1;352
351;2;0;352
351;3;0;352
352;0;0;353
352;1;1;353
352;2;0;353
352;3;0;353
353;0;0;354
353;1;1;354
353;2;0;354
353;3;0;354
354;0;0;355
354;1;1;355
354;2;0;355
354;3;0;355
355;0;0;356
355;1;1;356
355;2;0;356
355;3;0;356
356;0;0;357
356;1;1;357
356;2;0;357
356;3;0;357
357;0;0;358
357;1;1;358
357;2;0;358
357;3;0;358
358;0;0;359
358;1;1;359
358;2;0;359
358;3;0;359
359;0;0;360
359;1;1;360
359;2;0;360
359;3;0;360
360;0;0;361
360;1;1;361
360;2;0;361
360;3;0;361
361;0;0;362
361;1;1;362
361;2;0;362
361;3;0;362
362;0;0;363
362;1;1;363
362;2;0;363
362;3;0;363
363;0;0;364
363;1;1;364
363;2;0;364
363;3;0;364
364;0;0;365
364;1;1;365
364;2;0;365
364;3;0;365
365;0;0;366
365;1;1;366
365;2;0;366
365;3;0;366
366;0;0;367
366;1;1;367
366;2;0;367
366;3;0;367
367;0;0;368
367;1;1;368
367;2;0;368
367;3;0;368
368;0;0;369
368;1;1;369
368;2;0;369
368;3;0;369
369;0;0;370
369;1;1;370
369;2;0;370
369;3;0;370
370;0;0;371
370;1;1;371
370;2;0;371
370;3;0;371
371;0;0;372
371;1;1;372
371;2;0;372
371;3;0;372
372;0;0;373
372;1;1;373
372;2;0;373
372;3;0;373
373;0;0;374
373;1;1;374
373;2;0;374
373;3;0;374
374;0;0;375
374;1;1;375
374;2;0;375
374;3;0;375
375;0;0;376
375;1;1;376
375;2;0;376
375;3;0;376
376;0;0;377
376;1;1;377
376;2;0;377
376;3;0;377
377;0;0;378
377;1;1;378
377;2;0;378
377;3;0;378
378;0;0;379
378;1;1;379
378;2;0;379
378;3;0;379
379;0;0;380
379;1;1;380
379;2;0;380
379;3;0;380
380;0;0;381
380;1;1;381
380;2;0;381
380;3;0;381
381;0;0;382
381;1;1;382
381;2;0;382
381;3;0;382
382;0;0;383
382;1;1;383
382;2;0;383
382;3;0;383
383;0;0;384
383;1;1;384
383;2;0;384
383;3;0;384
384;0;0;385
384;1;1;385
384;2;0;385
384;3;0;385
385;0;0;386
385;1;1;386
385;2;0;386
385;3;0;386
386;0;0;387
386;1;1;387
386;2;0;387
386;3;0;387
387;0;0;388
387;1;1;388
387;2;0;388
387;3;0;388
388;0;0;389
388;1;1;389
388;2;0;389
388;3;0;389
389;0;0;390
389;1;1;390
389;2;0;390
389;3;0;390
390;0;0;391
390;1;1;391
390;2;0;391
390;3;0;391
391;0;0;392
391;1;1;392
391;2;0;392
391;3;0;392
392;0;0;393
392;1;1;393
392;2;0;393
392;3;0;393
393;0;0;394
393;1;1;394
393;2;0;394
393;3;0;394
394;0;0;395
394;1;1;395
394;2;0;395
394;3;0;395
395;0;0;396
395;1;1;396
395;2;0;396
395;3;0;396
396;0;0;397
396;1;1;397
396;2;0;397
396;3;0;397
397;0;0;398
397;1;1;398
397;2;0;398
397;3;0;398
398;0;0;399
398;1;1;399
398;2;0;399
398;3;0;399
399;0;0;400
399;1;1;400
399;2;0;400
399;3;0;400
400;0;0;401
400;1;1;401
400;2;0;401
400;3;0;401
401;0;0;402
401;1;1;402
401;2;0;402
401;3;0;402
402;0;0;403
402;1;1;403
402;2;0;403
402;3;0;403
403;0;0;404
403;1;1;404
403;2;0;404
403;3;0;404
404;0;0;405
404;1;1;405
404;2;0;405
404;3;0;405
405;0;0;406
405;1;1;406
405;2;0;406
405;3;0;406
406;0;0;407
406;1;1;407
406;2;0;407
406;3;0;407
407;0;0;408
407;1;1;408
407;2;0;408
407;3;0;408
408;0;0;409
408;1;1;409
408;2;0;409
408;3;0;409
409;0;0;410
409;1;1;410
409;2;0;410
409;3;0;410
410;0;0;411
410;1;1;411
410;2;0;411
410;3;0;411
411;0;0;412
411;1;1;412
411;2;0;412
411;3;0;412
412;0;0;413
412;1;1;413
412;2;0;413
412;3;0;413
413;0;0;414
413;1;1;414
413;2;0;414
413;3;0;414
414;0;0;415
414;1;1;415
414;2;0;415
414;3;0;415
415;0;0;416
415;1;1;416
415;2;0;416
415;3;0;416
416;0;0;417
416;1;1;417
416;2;0;417
416;3;0;417
417;0;0;418
417;1;1;418
417;2;0;418
417;3;0;418
418;0;0;419
418;1;1;419
418;2;0;419
418;3;0;419
419;0;0;420
419;1;1;420
419;2;0;420
419;3;0;420
420;0;0;421
420;1;1;421
420;2;0;421
420;3;0;421
421;0;0;422
421;1;1;422
421;2;0;422
421;3;0;422
422;0;0;423
422;1;1;423
422;2;0;423
422;3;0;423
423;0;0;424
423;1;1;424
423;2;0;424
423;3;0;424
424;0;0;425
424;1;1;425
424;2;0;425
424;3;0;425
425;0;0;426
425;1;1;426
425;2;0;426
425;3;0;426
426;0;0;427
426;1;1;427
426;2;0;427
426;3;0;427
427;0;0;428
427;1;1;428
427;2;0;428
427;3;0;428
428;0;0;429
428;1;1;429
428;2;0;429
428;3;0;429
429;0;0;430
429;1;1;430
429;2;0;430
429;3;0;430
430;0;0;431
430;1;1;431
430;2;0;431
430;3;0;431
431;0;0;432
431;1;1;432
431;2;0;432
431;3;0;432
432;0;0;433
432;1;1;433
432;2;0;433
432;3;0;433
433;0;0;434
433;1;1;434
433;2;0;434
433;3;0;434
434;0;0;435
434;1;1;435
434;2;0;435
434;3;0;435
435;0;0;436
435;1;1;436
435;2;0;436
435;3;0;436
436;0;0;437
436;1;1;437
436;2;0;437
436;3;0;437
437;0;0;438
437;1;1;438
437;2;0;438
437;3;0;438
438;0;0;439
438;1;1;439
438;2;0;439
438;3;0;439
439;0;0;440
439;1;1;440
439;2;0;440
439;3;0;440
440;0;0;441
440;1;1;441
440;2;0;441
440;3;0;441
441;0;0;442
441;1;1;442
441;2;0;442
441;3;0;442
442;0;0;443
442;1;1;443
442;2;0;443
442;3;0;443
443;0;0;444
443;1;1;444
443;2;0;444
443;3;0;444
444;0;0;445
444;1;1;445
444;2;0;445
444;3;0;445
445;0;0;446
445;1;1;446
445;2;0;446
445;3;0;446
446;0;0;447
446;1;1;447
446;2;0;447
446;3;0;447
447;0;0;448
447;1;1;448
447;2;0;448
447;3;0;448
448;0;0;449
448;1;1;449
448;2;0;449
448;3;0;449
449;0;0;450
449;1;1;450
449;2;0;450
449;3;0;450
450;0;0;451
450;1;1;451
450;2;0;451
450;3;0;451
451;0;0;452
451;1;1;452
451;2;0;452
451;3;0;452
452;0;0;453
452;1;1;453
452;2;0;453
452;3;0;453
453;0;0;454
453;1;1;454
453;2;0;454
453;3;0;454
454;0;0;455
454;1;1;455
454;2;0;455
454;3;0;455
455;0;0;456
455;1;1;456
455;2;0;456
455;3;0;456
456;0;0;457
456;1;1;457
456;2;0;457
456;3;0;457
457;0;0;458
457;1;1;458
457;2;0;458
457;3;0;458
458;0;0;459
458;1;1;459
458;2;0;459
458;3;0;459
459;0;0;460
459;1;1;460
459;2;0;460
459;3;0;460
460;0;0;461
460;1;1;461
460;2;0;461
460;3;0;461
461;0;0;462
461;1;1;462
461;2;0;462
461;3;0;462
462;0;0;463
462;1;1;463
462;2;0;463
462;3;0;463
463;0;0;464
463;1;1;464
463;2;0;464
463;3;0;464
464;0;0;465
464;1;1;465
464;2;0;465
464;3;0;465
465;0;0;466
465;1;1;466
465;2;0;466
465;3;0;466
466;0;0;467
466;1;1;467
466;2;0;467
466;3;0;467
467;0;0;468
467;1;1;468
467;2;0;468
467;3;0;468
468;0;0;469
468;1;1;469
468;2;0;469
468;3;0;469
469;0;0;470
469;1;1;470
469;2;0;470
469;3;0;470
470;0;0;471
470;1;1;471
470;2;0;471
470;3;0;471
471;0;0;472
471;1;1;472
471;2;0;472
471;3;0;472
472;0;0;473
472;1;1;473
472;2;0;473
472;3;0;473
473;0;0;474
473;1;1;474
473;2;0;474
473;3;0;474
474;0;0;475
474;1;1;475
474;2;0;475
474;3;0;475
475;0;0;476
475;1;1;476
475;2;0;476
475;3;0;476
476;0;0;477
476;1;1;477
476;2;0;477
476;3;0;477
477;0;0;478
477;1;1;478
477;2;0;478
477;3;0;478
478;0;0;479
478;1;1;479
478;2;0;479
478;3;0;479
479;0;0;480
479;1;1;480
479;2;0;480
479;3;0;480
480;0;0;481
480;1;1;481
480;2;0;481
480;3;0;481
481;0;0;482
481;1;1;482
481;2;0;482
481;3;0;482
482;0;0;483
482;1;1;483
482;2;0;483
482;3;0;483
483;0;0;484
483;1;1;484
483;2;0;484
483;3;0;484
484;0;0;485
484;1;1;485
484;2;0;485
484;3;0;485
485;0;0;486
485;1;1;486
485;2;0;486
485;3;0;486
486;0;0;487
486;1;1;487
486;2;0;487
486;3;0;487
487;0;0;488
487;1;1;488
487;2;0;488
487;3;0;488
488;0;0;489
488;1;1;489
488;2;0;489
488;3;0;489
489;0;0;490
489;1;1;490
489;2;0;490
489;3;0;490
490;0;0;491
490;1;1;491
490;2;0;491
490;3;0;491
491;0;0;492
491;1;1;492
491;2;0;492
491;3;0;492
492;0;0;493
492;1;1;493
492;2;0;493
492;3;0;493
493;0;0;494
493;1;1;494
493;2;0;494
493;3;0;494
494;0;0;495
494;1;1;495
494;2;0;495
494;3;0;495
495;0;0;496
495;1;1;496
495;2;0;496
495;3;0;496
496;0;0;497
496;1;1;497
496;2;0;497
496;3;0;497
497;0;0;498
497;1;1;498
497;2;0;498
497;3;0;498
498;0;0;499
498;1;1;499
498;2;0;499
498;3;0;499
499;0;0;500
499;1;1;500
499;2;0;500
499;3;0;500
500;0;0;501
500;1;0;501
500;2;1;501
500;3;0;501
501;0;0;502
501;1;0;502
501;2;1;502
501;3;0;502
502;0;0;503
502;1;0;503
502;2;1;503
502;3;0;503
503;0;0;504
503;1;0;504
503;2;1;504
503;3;0;504
504;0;0;505
504;1;0;505
504;2;1;505
504;3;0;505
505;0;0;506
505;1;0;506
505;2;1;506
505;3;0;506
506;0;0;507
506;1;0;507
506;2;1;507
506;3;0;507
507;0;0;508
507;1;0;508
507;2;1;508
507;3;0;508
508;0;0;509
508;1;0;509
508;2;1;509
508;3;0;509
509;0;0;510
509;1;0;510
509;2;1;510
509;3;0;510
510;0;0;511
510;1;0;511
510;2;1;511
510;3;0;511
511;0;0;512
511;1;0;512
511;2;1;512
511;3;0;512
512;0;0;513
512;1;0;513
512;2;1;513
512;3;0;513
513;0;0;514
513;1;0;514
513;2;1;514
513;3;0;514
514;0;0;515
514;1;0;515
514;2;1;515
514;3;0;515
515;0;0;516
515;1;0;516
515;2;1;516
515;3;0;516
516;0;0;517
516;1;0;517
516;2;1;517
516;3;0;517
517;0;0;518
517;1;0;518
517;2;1;518
517;3;0;518
518;0;0;519
518;1;0;519
518;2;1;519
518;3;0;519
519;0;0;520
519;1;0;520
519;2;1;520
519;3;0;520
520;0;0;521
520;1;0;521
520;2;1;521
520;3;0;521
521;0;0;522
521;1;0;522
521;2;1;522
521;3;0;522
522;0;0;523
522;1;0;523
522;2;1;523
522;3;0;523
523;0;0;524
523;1;0;524
523;2;1;524
523;3;0;524
524;0;0;525
524;1;0;525
524;2;1;525
524;3;0;525
525;0;0;526
525;1;0;526
525;2;1;526
525;3;0;526
526;0;0;527
526;1;0;527
526;2;1;527
526;3;0;527
527;0;0;528
527;1;0;528
527;2;1;528
527;3;0;528
528;0;0;529
528;1;0;529
528;2;1;529
528;3;0;529
529;0;0;530
529;1;0;530
529;2;1;530
529;3;0;530
530;0;0;531
530;1;0;531
530;2;1;531
530;3;0;531
531;0;0;532
531;1;0;532
531;2;1;532
531;3;0;532
532;0;0;533
532;1;0;533
532;2;1;533
532;3;0;533
533;0;0;534
533;1;0;534
533;2;1;534
533;3;0;534
534;0;0;535
534;1;0;535
534;2;1;535
534;3;0;535
535;0;0;536
535;1;0;536
535;2;1;536
535;3;0;536
536;0;0;537
536;1;0;537
536;2;1;537
536;3;0;537
537;0;0;538
537;1;0;538
537;2;1;538
537;3;0;538
538;0;0;539
538;1;0;539
538;2;1;539
538;3;0;539
539;0;0;540
539;1;0;540
539;2;1;540
539;3;0;540
540;0;0;541
540;1;0;541
540;2;1;541
540;3;0;541
541;0;0;542
541;1;0;542
541;2;1;542
541;3;0;542
542;0;0;543
542;1;0;543
542;2;1;543
542;3;0;543
543;0;0;544
543;1;0;544
543;2;1;544
543;3;0;544
544;0;0;545
544;1;0;545
544;2;1;545
544;3;0;545
545;0;0;546
545;1;0;546
545;2;1;546
545;3;0;546
546;0;0;547
546;1;0;547
546;2;1;547
546;3;0;547
547;0;0;548
547;1;0;548
547;2;1;548
547;3;0;548
548;0;0;549
548;1;0;549
548;2;1;549
548;3;0;549
549;0;0;550
549;1;0;550
549;2;1;550
549;3;0;550
550;0;0;551
550;1;0;551
550;2;1;551
550;3;0;551
551;0;0;552
551;1;0;552
551;2;1;552
551;3;0;552
552;0;0;553
552;1;0;553
552;2;1;553
552;3;0;553
553;0;0;554
553;1;0;554
553;2;1;554
553;3;0;554
554;0;0;555
554;1;0;555
554;2;1;555
554;3;0;555
555;0;0;556
555;1;0;556
555;2;1;556
555;3;0;556
556;0;0;557
556;1;0;557
556;2;1;557
556;3;0;557
557;0;0;558
557;1;0;558
557;2;1;558
557;3;0;558
558;0;0;559
558;1;0;559
558;2;1;559
558;3;0;559
559;0;0;560
559;1;0;560
559;2;1;560
559;3;0;560
560;0;0;561
560;1;0;561
560;2;1;561
560;3;0;561
561;0;0;562
561;1;0;562
561;2;1;562
561;3;0;562
562;0;0;563
562;1;0;563
562;2;1;563
562;3;0;563
563;0;0;564
563;1;0;564
563;2;1;564
563;3;0;564
564;0;0;565
564;1;0;565
564;2;1;565
564;3;0;565
565;0;0;566
565;1;0;566
565;2;1;566
565;3;0;566
566;0;0;567
566;1;0;567
566;2;1;567
566;3;0;567
567;0;0;568
567;1;0;568
567;2;1;568
567;3;0;568
568;0;0;569
568;1;0;569
568;2;1;569
568;3;0;569
569;0;0;570
569;1;0;570
569;2;1;570
569;3;0;570
570;0;0;571
570;1;0;571
570;2;1;571
570;3;0;571
571;0;0;572
571;1;0;572
571;2;1;572
571;3;0;572
572;0;0;573
572;1;0;573
572;2;1;573
572;3;0;573
573;0;0;574
573;1;0;574
573;2;1;574
573;3;0;574
574;0;0;575
574;1;0;575
574;2;1;575
574;3;0;575
575;0;0;576
575;1;0;576
575;2;1;576
575;3;0;576
576;0;0;577
576;1;0;577
576;2;1;577
576;3;0;577
577;0;0;578
577;1;0;578
577;2;1;578
577;3;0;578
578;0;0;579
578;1;0;579
578;2;1;579
578;3;0;579
579;0;0;580
579;1;0;580
579;2;1;580
579;3;0;580
580;0;0;581
580;1;0;581
580;2;1;581
580;3;0;581
581;0;0;582
581;1;0;582
581;2;1;582
581;3;0;582
582;0;0;583
582;1;0;583
582;2;1;583
582;3;0;583
583;0;0;584
583;1;0;584
583;2;1;584
583;3;0;584
584;0;0;585
584;1;0;585
584;2;1;585
584;3;0;585
585;0;0;586
585;1;0;586
585;2;1;586
585;3;0;586
586;0;0;587
586;1;0;587
586;2;1;587
586;3;0;587
587;0;0;588
587;1;0;588
587;2;1;588
587;3;0;588
588;0;0;589
588;1;0;589
588;2;1;589
588;3;0;589
589;0;0;590
589;1;0;590
589;2;1;590
589;3;0;590
590;0;0;591
590;1;0;591
590;2;1;591
590;3;0;591
591;0;0;592
591;1;0;592
591;2;1;592
591;3;0;592
592;0;0;593
592;1;0;593
592;2;1;593
592;3;0;593
593;0;0;594
593;1;0;594
593;2;1;594
593;3;0;594
594;0;0;595
594;1;0;595
594;2;1;595
594;3;0;595
595;0;0;596
595;1;0;596
595;2;1;596
595;3;0;596
596;0;0;597
596;1;0;597
596;2;1;597
596;3;0;597
597;0;0;598
597;1;0;598
597;2;1;598
597;3;0;598
598;0;0;599
598;1;0;599
598;2;1;599
598;3;0;599
599;0;0;600
599;1;0;600
599;2;1;600
599;3;0;600
600;0;0;601
600;1;0;601
600;2;1;601
600;3;0;601
601;0;0;602
601;1;0;602
601;2;1;602
601;3;0;602
602;0;0;603
602;1;0;603
602;2;1;603
602;3;0;603
603;0;0;604
603;1;0;604
603;2;1;604
603;3;0;604
604;0;0;605
604;1;0;605
604;2;1;605
604;3;0;605
605;0;0;606
605;1;0;606
605;2;1;606
605;3;0;606
606;0;0;607
606;1;0;607
606;2;1;607
606;3;0;607
607;0;0;608
607;1;0;608
607;2;1;608
607;3;0;608
608;0;0;609
608;1;0;609
608;2;1;609
608;3;0;609
609;0;0;610
609;1;0;610
609;2;1;610
609;3;0;610
610;0;0;611
610;1;0;611
610;2;1;611
610;3;0;611
611;0;0;612
611;1;0;612
611;2;1;612
611;3;0;612
612;0;0;613
612;1;0;613
612;2;1;613
612;3;0;613
613;0;0;614
613;1;0;614
613;2;1;614
613;3;0;614
614;0;0;615
614;1;0;615
614;2;1;615
614;3;0;615
615;0;0;616
615;1;0;616
615;2;1;616
615;3;0;616
616;0;0;617
616;1;0;617
616;2;1;617
616;3;0;617
617;0;0;618
617;1;0;618
617;2;1;618
617;3;0;618
618;0;0;619
618;1;0;619
618;2;1;619
618;3;0;619
619;0;0;620
619;1;0;620
619;2;1;620
619;3;0;620
620;0;0;621
620;1;0;621
620;2;1;621
620;3;0;621
621;0;0;622
621;1;0;622
621;2;1;622
621;3;0;622
622;0;0;623
622;1;0;623
622;2;1;623
622;3;0;623
623;0;0;624
623;1;0;624
623;2;1;624
623;3;0;624
624;0;0;625
624;1;0;625
624;2;1;625
624;3;0;625
625;0;0;626
625;1;0;626
625;2;1;626
625;3;0;626
626;0;0;627
626;1;0;627
626;2;1;627
626;3;0;627
627;0;0;628
627;1;0;628
627;2;1;628
627;3;0;628
628;0;0;629
628;1;0;629
628;2;1;629
628;3;0;629
629;0;0;630
629;1;0;630
629;2;1;630
629;3;0;630
630;0;0;631
630;1;0;631
630;2;1;631
630;3;0;631
631;0;0;632
631;1;0;632
631;2;1;632
631;3;0;632
632;0;0;633
632;1;0;633
632;2;1;633
632;3;0;633
633;0;0;634
633;1;0;634
633;2;1;634
633;3;0;634
634;0;0;635
634;1;0;635
634;2;1;635
634;3;0;635
635;0;0;636
635;1;0;636
635;2;1;636
635;3;0;636
636;0;0;637
636;1;0;637
636;2;1;637
636;3;0;637
637;0;0;638
637;1;0;638
637;2;1;638
637;3;0;638
638;0;0;639
638;1;0;639
638;2;1;639
638;3;0;639
639;0;0;640
639;1;0;640
639;2;1;640
639;3;0;640
640;0;0;641
640;1;0;641
640;2;1;641
640;3;0;641
641;0;0;642
641;1;0;642
641;2;1;642
641;3;0;642
642;0;0;643
642;1;0;643
642;2;1;643
642;3;0;643
643;0;0;644
643;1;0;644
643;2;1;644
643;3;0;644
644;0;0;645
644;1;0;645
644;2;1;645
644;3;0;645
645;0;0;646
645;1;0;646
645;2;1;646
645;3;0;646
646;0;0;647
646;1;0;647
646;2;1;647
646;3;0;647
647;0;0;648
647;1;0;648
647;2;1;648
647;3;0;648
648;0;0;649
648;1;0;649
648;2;1;649
648;3;0;649
649;0;0;650
649;1;0;650
649;2;1;650
649;3;0;650
650;0;0;651
650;1;0;651
650;2;1;651
650;3;0;651
651;0;0;652
651;1;0;652
651;2;1;652
651;3;0;652
652;0;0;653
652;1;0;653
652;2;1;653
652;3;0;653
653;0;0;654
653;1;0;654
653;2;1;654
653;3;0;654
654;0;0;655
654;1;0;655
654;2;1;655
654;3;0;655
655;0;0;656
655;1;0;656
655;2;1;656
655;3;0;656
656;0;0;657
656;1;0;657
656;2;1;657
656;3;0;657
657;0;0;658
657;1;0;658
657;2;1;658
657;3;0;658
658;0;0;659
658;1;0;659
658;2;1;659
658;3;0;659
659;0;0;660
659;1;0;660
659;2;1;660
659;3;0;660
660;0;0;661
660;1;0;661
660;2;1;661
660;3;0;661
661;0;0;662
661;1;0;662
661;2;1;662
661;3;0;662
662;0;0;663
662;1;0;663
662;2;1;663
662;3;0;663
663;0;0;664
663;1;0;664
663;2;1;664
663;3;0;664
664;0;0;665
664;1;0;665
664;2;1;665
664;3;0;665
665;0;0;666
665;1;0;666
665;2;1;666
665;3;0;666
666;0;0;667
666;1;0;667
666;2;1;667
666;3;0;667
667;0;0;668
667;1;0;668
667;2;1;668
667;3;0;668
668;0;0;669
668;1;0;669
668;2;1;669
668;3;0;669
669;0;0;670
669;1;0;670
669;2;1;670
669;3;0;670
670;0;0;671
670;1;0;671
670;2;1;671
670;3;0;671
671;0;0;672
671;1;0;672
671;2;1;672
671;3;0;672
672;0;0;673
672;1;0;673
672;2;1;673
672;3;0;673
673;0;0;674
673;1;0;674
673;2;1;674
673;3;0;674
674;0;0;675
674;1;0;675
674;2;1;675
674;3;0;675
675;0;0;676
675;1;0;676
675;2;1;676
675;3;0;676
676;0;0;677
676;1;0;677
676;2;1;677
676;3;0;677
677;0;0;678
677;1;0;678
677;2;1;678
677;3;0;678
678;0;0;679
678;1;0;679
678;2;1;679
678;3;0;679
679;0;0;680
679;1;0;680
679;2;1;680
679;3;0;680
680;0;0;681
680;1;0;681
680;2;1;681
680;3;0;681
681;0;0;682
681;1;0;682
681;2;1;682
681;3;0;682
682;0;0;683
682;1;0;683
682;2;1;683
682;3;0;683
683;0;0;684
683;1;0;684
683;2;1;684
683;3;0;684
684;0;0;685
684;1;0;685
684;2;1;685
684;3;0;685
685;0;0;686
685;1;0;686
685;2;1;686
685;3;0;686
686;0;0;687
686;1;0;687
686;2;1;687
686;3;0;687
687;0;0;688
687;1;0;688
687;2;1;688
687;3;0;688
688;0;0;689
688;1;0;689
688;2;1;689
688;3;0;689
689;0;0;690
689;1;0;690
689;2;1;690
689;3;0;690
690;0;0;691
690;1;0;691
690;2;1;691
690;3;0;691
691;0;0;692
691;1;0;692
691;2;1;692
691;3;0;692
692;0;0;693
692;1;0;693
692;2;1;693
692;3;0;693
693;0;0;694
693;1;0;694
693;2;1;694
693;3;0;694
694;0;0;695
694;1;0;695
694;2;1;695
694;3;0;695
695;0;0;696
695;1;0;696
695;2;1;696
695;3;0;696
696;0;0;697
696;1;0;697
696;2;1;697
696;3;0;697
697;0;0;698
697;1;0;698
697;2;1;698
697;3;0;698
698;0;0;699
698;1;0;699
698;2;1;699
698;3;0;699
699;0;0;700
699;1;0;700
699;2;1;700
699;3;0;700
700;0;0;701
700;1;0;701
700;2;1;701
700;3;0;701
701;0;0;702
701;1;0;702
701;2;1;702
701;3;0;702
702;0;0;703
702;1;0;703
702;2;1;703
702;3;0;703
703;0;0;704
703;1;0;704
703;2;1;704
703;3;0;704
704;0;0;705
704;1;0;705
704;2;1;705
704;3;0;705
705;0;0;706
705;1;0;706
705;2;1;706
705;3;0;706
706;0;0;707
706;1;0;707
706;2;1;707
706;3;0;707
707;0;0;708
707;1;0;708
707;2;1;708
707;3;0;708
708;0;0;709
708;1;0;709
708;2;1;709
708;3;0;709
709;0;0;710
709;1;0;710
709;2;1;710
709;3;0;710
710;0;0;711
710;1;0;711
710;2;1;711
710;3;0;711
711;0;0;712
711;1;0;712
711;2;1;712
711;3;0;712
712;0;0;713
712;1;0;713
712;2;1;713
712;3;0;713
713;0;0;714
713;1;0;714
713;2;1;714
713;3;0;714
714;0;0;715
714;1;0;715
714;2;1;715
714;3;0;715
715;0;0;716
715;1;0;716
715;2;1;716
715;3;0;716
716;0;0;717
716;1;0;717
716;2;1;717
716;3;0;717
717;0;0;718
717;1;0;718
717;2;1;718
717;3;0;718
718;0;0;719
718;1;0;719
718;2;1;719
718;3;0;719
719;0;0;720
719;1;0;720
719;2;1;720
719;3;0;720
720;0;0;721
720;1;0;721
720;2;1;721
720;3;0;721
721;0;0;722
721;1;0;722
721;2;1;722
721;3;0;722
722;0;0;723
722;1;0;723
722;2;1;723
722;3;0;723
723;0;0;724
723;1;0;724
723;2;1;724
723;3;0;724
724;0;0;725
724;1;0;725
724;2;1;725
724;3;0;725
725;0;0;726
725;1;0;726
725;2;1;726
725;3;0;726
726;0;0;727
726;1;0;727
726;2;1;727
726;3;0;727
727;0;0;728
727;1;0;728
727;2;1;728
727;3;0;728
728;0;0;729
728;1;0;729
728;2;1;729
728;3;0;729
729;0;0;730
729;1;0;730
729;2;1;730
729;3;0;730
730;0;0;731
730;1;0;731
730;2;1;731
730;3;0;731
731;0;0;732
731;1;0;732
731;2;1;732
731;3;0;732
732;0;0;733
732;1;0;733
732;2;1;733
732;3;0;733
733;0;0;734
733;1;0;734
733;2;1;734
733;3;0;734
734;0;0;735
734;1;0;735
734;2;1;735
734;3;0;735
735;0;0;736
735;1;0;736
735;2;1;736
735;3;0;736
736;0;0;737
736;1;0;737
736;2;1;737
736;3;0;737
737;0;0;738
737;1;0;738
737;2;1;738
737;3;0;738
738;0;0;739
738;1;0;739
738;2;1;739
738;3;0;739
739;0;0;740
739;1;0;740
739;2;1;740
739;3;0;740
740;0;0;741
740;1;0;741
740;2;1;741
740;3;0;741
741;0;0;742
741;1;0;742
741;2;1;742
741;3;0;742
742;0;0;743
742;1;0;743
742;2;1;743
742;3;0;743
743;0;0;744
743;1;0;744
743;2;1;744
743;3;0;744
744;0;0;745
744;1;0;745
744;2;1;745
744;3;0;745
745;0;0;746
745;1;0;746
745;2;1;746
745;3;0;746
746;0;0;747
746;1;0;747
746;2;1;747
746;3;0;747
747;0;0;748
747;1;0;748
747;2;1;748
747;3;0;748
748;0;0;749
748;1;0;749
748;2;1;749
748;3;0;749
749;0;0;750
749;1;0;750
749;2;1;750
749;3;0;750
750;0;0;751
750;1;0;751
750;2;0;751
750;3;1;751
751;0;0;752
751;1;0;752
751;2;0;752
751;3;1;752
752;0;0;753
752;1;0;753
752;2;0;753
752;3;1;753
753;0;0;754
753;1;0;754
753;2;0;754
753;3;1;754
754;0;0;755
754;1;0;755
754;2;0;755
754;3;1;755
755;0;0;756
755;1;0;756
755;2;0;756
755;3;1;756
756;0;0;757
756;1;0;757
756;2;0;757
756;3;1;757
757;0;0;758
757;1;0;758
757;2;0;758
757;3;1;758
758;0;0;759
758;1;0;759
758;2;0;759
758;3;1;759
759;0;0;760
759;1;0;760
759;2;0;760
759;3;1;760
760;0;0;761
760;1;0;761
760;2;0;761
760;3;1;761
761;0;0;762
761;1;0;762
761;2;0;762
761;3;1;762
762;0;0;763
762;1;0;763
762;2;0;763
762;3;1;763
763;0;0;764
763;1;0;764
763;2;0;764
763;3;1;764
764;0;0;765
764;1;0;765
764;2;0;765
764;3;1;765
765;0;0;766
765;1;0;766
765;2;0;766
765;3;1;766
766;0;0;767
766;1;0;767
766;2;0;767
766;3;1;767
767;0;0;768
767;1;0;768
767;2;0;768
767;3;1;768
768;0;0;769
768;1;0;769
768;2;0;769
768;3;1;769
769;0;0;770
769;1;0;770
769;2;0;770
769;3;1;770
770;0;0;771
770;1;0;771
770;2;0;771
770;3;1;771
771;0;0;772
771;1;0;772
771;2;0;772
771;3;1;772
772;0;0;773
772;1;0;773
772;2;0;773
772;3;1;773
773;0;0;774
773;1;0;774
773;2;0;774
773;3;1;774
774;0;0;775
774;1;0;775
774;2;0;775
774;3;1;775
775;0;0;776
775;1;0;776
775;2;0;776
775;3;1;776
776;0;0;777
776;1;0;777
776;2;0;777
776;3;1;777
777;0;0;778
777;1;0;778
777;2;0;778
777;3;1;778
778;0;0;779
778;1;0;779
778;2;0;779
778;3;1;779
779;0;0;780
779;1;0;780
779;2;0;780
779;3;1;780
780;0;0;781
780;1;0;781
780;2;0;781
780;3;1;781
781;0;0;782
781;1;0;782
781;2;0;782
781;3;1;782
782;0;0;783
782;1;0;783
782;2;0;783
782;3;1;783
783;0;0;784
783;1;0;784
783;2;0;784
783;3;1;784
784;0;0;785
784;1;0;785
784;2;0;785
784;3;1;785
785;0;0;786
785;1;0;786
785;2;0;786
785;3;1;786
786;0;0;787
786;1;0;787
786;2;0;787
786;3;1;787
787;0;0;788
787;1;0;788
787;2;0;788
787;3;1;788
788;0;0;789
788;1;0;789
788;2;0;789
788;3;1;789
789;0;0;790
789;1;0;790
789;2;0;790
789;3;1;790
790;0;0;791
790;1;0;791
790;2;0;791
790;3;1;791
791;0;0;792
791;1;0;792
791;2;0;792
791;3;1;792
792;0;0;793
792;1;0;793
792;2;0;793
792;3;1;793
793;0;0;794
793;1;0;794
793;2;0;794
793;3;1;794
794;0;0;795
794;1;0;795
794;2;0;795
794;3;1;795
795;0;0;796
795;1;0;796
795;2;0;796
795;3;1;796
796;0;0;797
796;1;0;797
796;2;0;797
796;3;1;797
797;0;0;798
797;1;0;798
797;2;0;798
797;3;1;798
798;0;0;799
798;1;0;799
798;2;0;799
798;3;1;799
799;0;0;800
799;1;0;800
799;2;0;800
799;3;1;800
800;0;0;801
800;1;0;801
800;2;0;801
800;3;1;801
801;0;0;802
801;1;0;802
801;2;0;802
801;3;1;802
802;0;0;803
802;1;0;803
802;2;0;803
802;3;1;803
803;0;0;804
803;1;0;804
803;2;0;804
803;3;1;804
804;0;0;805
804;1;0;805
804;2;0;805
804;3;1;805
805;0;0;806
805;1;0;806
805;2;0;806
805;3;1;806
806;0;0;807
806;1;0;807
806;2;0;807
806;3;1;807
807;0;0;808
807;1;0;808
807;2;0;808
807;3;1;808
808;0;0;809
808;1;0;809
808;2;0;809
808;3;1;809
809;0;0;810
809;1;0;810
809;2;0;810
809;3;1;810
810;0;0;811
810;1;0;811
810;2;0;811
810;3;1;811
811;0;0;812
811;1;0;812
811;2;0;812
811;3;1;812
812;0;0;813
812;1;0;813
812;2;0;813
812;3;1;813
813;0;0;814
813;1;0;814
813;2;0;814
813;3;1;814
814;0;0;815
814;1;0;815
814;2;0;815
814;3;1;815
815;0;0;816
815;1;0;816
815;2;0;816
815;3;1;816
816;0;0;817
816;1;0;817
816;2;0;817
816;3;1;817
817;0;0;818
817;1;0;818
817;2;0;818
817;3;1;818
818;0;0;819
818;1;0;819
818;2;0;819
818;3;1;819
819;0;0;820
819;1;0;820
819;2;0;820
819;3;1;820
820;0;0;821
820;1;0;821
820;2;0;821
820;3;1;821
821;0;0;822
821;1;0;822
821;2;0;822
821;3;1;822
822;0;0;823
822;1;0;823
822;2;0;823
822;3;1;823
823;0;0;824
823;1;0;824
823;2;0;824
823;3;1;824
824;0;0;825
824;1;0;825
824;2;0;825
824;3;1;825
825;0;0;826
825;1;0;826
825;2;0;826
825;3;1;826
826;0;0;827
826;1;0;827
826;2;0;827
826;3;1;827
827;0;0;828
827;1;0;828
827;2;0;828
827;3;1;828
828;0;0;829
828;1;0;829
828;2;0;829
828;3;1;829
829;0;0;830
829;1;0;830
829;2;0;830
829;3;1;830
830;0;0;831
830;1;0;831
830;2;0;831
830;3;1;831
831;0;0;832
831;1;0;832
831;2;0;832
831;3;1;832
832;0;0;833
832;1;0;833
832;2;0;833
832;3;1;833
833;0;0;834
833;1;0;834
833;2;0;834
833;3;1;834
834;0;0;835
834;1;0;835
834;2;0;835
834;3;1;835
835;0;0;836
835;1;0;836
835;2;0;836
835;3;1;836
836;0;0;837
836;1;0;837
836;2;0;837
836;3;1;837
837;0;0;838
837;1;0;838
837;2;0;838
837;3;1;838
838;0;0;839
838;1;0;839
838;2;0;839
838;3;1;839
839;0;0;840
839;1;0;840
839;2;0;840
839;3;1;840
840;0;0;841
840;1;0;841
840;2;0;841
840;3;1;841
841;0;0;842
841;1;0;842
841;2;0;842
841;3;1;842
842;0;0;843
842;1;0;843
842;2;0;843
842;3;1;843
843;0;0;844
843;1;0;844
843;2;0;844
843;3;1;844
844;0;0;845
844;1;0;845
844;2;0;845
844;3;1;845
845;0;0;846
845;1;0;846
845;2;0;846
845;3;1;846
846;0;0;847
846;1;0;847
846;2;0;847
846;3;1;847
847;0;0;848
847;1;0;848
847;2;0;848
847;3;1;848
848;0;0;849
848;1;0;849
848;2;0;849
848;3;1;849
849;0;0;850
849;1;0;850
849;2;0;850
849;3;1;850
850;0;0;851
850;1;0;851
850;2;0;851
850;3;1;851
851;0;0;852
851;1;0;852
851;2;0;852
851;3;1;852
852;0;0;853
852;1;0;853
852;2;0;853
852;3;1;853
853;0;0;854
853;1;0;854
853;2;0;854
853;3;1;854
854;0;0;855
854;1;0;855
854;2;0;855
854;3;1;855
855;0;0;856
855;1;0;856
855;2;0;856
855;3;1;856
856;0;0;857
856;1;0;857
856;2;0;857
856;3;1;857
857;0;0;858
857;1;0;858
857;2;0;858
857;3;1;858
858;0;0;859
858;1;0;859
858;2;0;859
858;3;1;859
859;0;0;860
859;1;0;860
859;2;0;860
859;3;1;860
860;0;0;861
860;1;0;861
860;2;0;861
860;3;1;861
861;0;0;862
861;1;0;862
861;2;0;862
861;3;1;862
862;0;0;863
862;1;0;863
862;2;0;863
862;3;1;863
863;0;0;864
863;1;0;864
863;2;0;864
863;3;1;864
864;0;0;865
864;1;0;865
864;2;0;865
864;3;1;865
865;0;0;866
865;1;0;866
865;2;0;866
865;3;1;866
866;0;0;867
866;1;0;867
866;2;0;867
866;3;1;867
867;0;0;868
867;1;0;868
867;2;0;868
867;3;1;868
868;0;0;869
868;1;0;869
868;2;0;869
868;3;1;869
869;0;0;870
869;1;0;870
869;2;0;870
869;3;1;870
870;0;0;871
870;1;0;871
870;2;0;871
870;3;1;871
871;0;0;872
871;1;0;872
871;2;0;872
871;3;1;872
872;0;0;873
872;1;0;873
872;2;0;873
872;3;1;873
873;0;0;874
873;1;0;874
873;2;0;874
873;3;1;874
874;0;0;875
874;1;0;875
874;2;0;875
874;3;1;875
875;0;0;876
875;1;0;876
875;2;0;876
875;3;1;876
876;0;0;877
876;1;0;877
876;2;0;877
876;3;1;877
877;0;0;878
877;1;0;878
877;2;0;878
877;3;1;878
878;0;0;879
878;1;0;879
878;2;0;879
878;3;1;879
879;0;0;880
879;1;0;880
879;2;0;880
879;3;1;880
880;0;0;881
880;1;0;881
880;2;0;881
880;3;1;881
881;0;0;882
881;1;0;882
881;2;0;882
881;3;1;882
882;0;0;883
882;1;0;883
882;2;0;883
882;3;1;883
883;0;0;884
883;1;0;884
883;2;0;884
883;3;1;884
884;0;0;885
884;1;0;885
884;2;0;885
884;3;1;885
885;0;0;886
885;1;0;886
885;2;0;886
885;3;1;886
886;0;0;887
886;1;0;887
886;2;0;887
886;3;1;887
887;0;0;888
887;1;0;888
887;2;0;888
887;3;1;888
888;0;0;889
888;1;0;889
888;2;0;889
888;3;1;889
889;0;0;890
889;1;0;890
889;2;0;890
889;3;1;890
890;0;0;891
890;1;0;891
890;2;0;891
890;3;1;891
891;0;0;892
891;1;0;892
891;2;0;892
891;3;1;892
892;0;0;893
892;1;0;893
892;2;0;893
892;3;1;893
893;0;0;894
893;1;0;894
893;2;0;894
893;3;1;894
894;0;0;895
894;1;0;895
894;2;0;895
894;3;1;895
895;0;0;896
895;1;0;896
895;2;0;896
895;3;1;896
896;0;0;897
896;1;0;897
896;2;0;897
896;3;1;897
897;0;0;898
897;1;0;898
897;2;0;898
897;3;1;898
898;0;0;899
898;1;0;899
898;2;0;899
898;3;1;899
899;0;0;900
899;1;0;900
899;2;0;900
899;3;1;900
900;0;0;901
900;1;0;901
900;2;0;901
900;3;1;901
901;0;0;902
901;1;0;902
901;2;0;902
901;3;1;902
902;0;0;903
902;1;0;903
902;2;0;903
902;3;1;903
903;0;0;904
903;1;0;904
903;2;0;904
903;3;1;904
904;0;0;905
904;1;0;905
904;2;0;905
904;3;1;905
905;0;0;906
905;1;0;906
905;2;0;906
905;3;1;906
906;0;0;907
906;1;0;907
906;2;0;907
906;3;1;907
907;0;0;908
907;1;0;908
907;2;0;908
907;3;1;908
908;0;0;909
908;1;0;909
908;2;0;909
908;3;1;909
909;0;0;910
909;1;0;910
909;2;0;910
909;3;1;910
910;0;0;911
910;1;0;911
910;2;0;911
910;3;1;911
911;0;0;912
911;1;0;912
911;2;0;912
911;3;1;912
912;0;0;913
912;1;0;913
912;2;0;913
912;3;1;913
913;0;0;914
913;1;0;914
913;2;0;914
913;3;1;914
914;0;0;915
914;1;0;915
914;2;0;915
914;3;1;915
915;0;0;916
915;1;0;916
915;2;0;916
915;3;1;916
916;0;0;917
916;1;0;917
916;2;0;917
916;3;1;917
917;0;0;918
917;1;0;918
917;2;0;918
917;3;1;918
918;0;0;919
918;1;0;919
918;2;0;919
918;3;1;919
919;0;0;920
919;1;0;920
919;2;0;920
919;3;1;920
920;0;0;921
920;1;0;921
920;2;0;921
920;3;1;921
921;0;0;922
921;1;0;922
921;2;0;922
921;3;1;922
922;0;0;923
922;1;0;923
922;2;0;923
922;3;1;923
923;0;0;924
923;1;0;924
923;2;0;924
923;3;1;924
924;0;0;925
924;1;0;925
924;2;0;925
924;3;1;925
925;0;0;926
925;1;0;926
925;2;0;926
925;3;1;926
926;0;0;927
926;1;0;927
926;2;0;927
926;3;1;927
927;0;0;928
927;1;0;928
927;2;0;928
927;3;1;928
928;0;0;929
928;1;0;929
928;2;0;929
928;3;1;929
929;0;0;930
929;1;0;930
929;2;0;930
929;3;1;930
930;0;0;931
930;1;0;931
930;2;0;931
930;3;1;931
931;0;0;932
931;1;0;932
931;2;0;932
931;3;1;932
932;0;0;933
932;1;0;933
932;2;0;933
932;3;1;933
933;0;0;934
933;1;0;934
933;2;0;934
933;3;1;934
934;0;0;935
934;1;0;935
934;2;0;935
934;3;1;935
935;0;0;936
935;1;0;936
935;2;0;936
935;3;1;936
936;0;0;937
936;1;0;937
936;2;0;937
936;3;1;937
937;0;0;938
937;1;0;938
937;2;0;938
937;3;1;938
938;0;0;939
938;1;0;939
938;2;0;939
938;3;1;939
939;0;0;940
939;1;0;940
939;2;0;940
939;3;1;940
940;0;0;941
940;1;0;941
940;2;0;941
940;3;1;941
941;0;0;942
941;1;0;942
941;2;0;942
941;3;1;942
942;0;0;943
942;1;0;943
942;2;0;943
942;3;1;943
943;0;0;944
943;1;0;944
943;2;0;944
943;3;1;944
944;0;0;945
944;1;0;945
944;2;0;945
944;3;1;945
945;0;0;946
945;1;0;946
945;2;0;946
945;3;1;946
946;0;0;947
946;1;0;947
946;2;0;947
946;3;1;947
947;0;0;948
947;1;0;948
947;2;0;948
947;3;1;948
948;0;0;949
948;1;0;949
948;2;0;949
948;3;1;949
949;0;0;950
949;1;0;950
949;2;0;950
949;3;1;950
950;0;0;951
950;1;0;951
950;2;0;951
950;3;1;951
951;0;0;952
951;1;0;952
951;2;0;952
951;3;1;952
952;0;0;953
952;1;0;953
952;2;0;953
952;3;1;953
953;0;0;954
953;1;0;954
953;2;0;954
953;3;1;954
954;0;0;955
954;1;0;955
954;2;0;955
954;3;1;955
955;0;0;956
955;1;0;956
955;2;0;956
955;3;1;956
956;0;0;957
956;1;0;957
956;2;0;957
956;3;1;957
957;0;0;958
957;1;0;958
957;2;0;958
957;3;1;958
958;0;0;959
958;1;0;959
958;2;0;959
958;3;1;959
959;0;0;960
959;1;0;960
959;2;0;960
959;3;1;960
960;0;0;961
960;1;0;961
960;2;0;961
960;3;1;961
961;0;0;962
961;1;0;962
961;2;0;962
961;3;1;962
962;0;0;963
962;1;0;963
962;2;0;963
962;3;1;963
963;0;0;964
963;1;0;964
963;2;0;964
963;3;1;964
964;0;0;965
964;1;0;965
964;2;0;965
964;3;1;965
965;0;0;966
965;1;0;966
965;2;0;966
965;3;1;966
966;0;0;967
966;1;0;967
966;2;0;967
966;3;1;967
967;0;0;968
967;1;0;968
967;2;0;968
967;3;1;968
968;0;0;969
968;1;0;969
968;2;0;969
968;3;1;969
969;0;0;970
969;1;0;970
969;2;0;970
969;3;1;970
970;0;0;971
970;1;0;971
970;2;0;971
970;3;1;971
971;0;0;972
971;1;0;972
971;2;0;972
971;3;1;972
972;0;0;973
972;1;0;973
972;2;0;973
972;3;1;973
973;0;0;974
973;1;0;974
973;2;0;974
973;3;1;974
974;0;0;975
974;1;0;975
974;2;0;975
974;3;1;975
975;0;0;976
975;1;0;976
975;2;0;976
975;3;1;976
976;0;0;977
976;1;0;977
976;2;0;977
976;3;1;977
977;0;0;978
977;1;0;978
977;2;0;978
977;3;1;978
978;0;0;979
978;1;0;979
978;2;0;979
978;3;1;979
979;0;0;980
979;1;0;980
979;2;0;980
979;3;1;980
980;0;0;981
980;1;0;981
980;2;0;981
980;3;1;981
981;0;0;982
981;1;0;982
981;2;0;982
981;3;1;982
982;0;0;983
982;1;0;983
982;2;0;983
982;3;1;983
983;0;0;984
983;1;0;984
983;2;0;984
983;3;1;984
984;0;0;985
984;1;0;985
984;2;0;985
984;3;1;985
985;0;0;986
985;1;0;986
985;2;0;986
985;3;1;986
986;0;0;987
986;1;0;987
986;2;0;987
986;3;1;987
987;0;0;988
987;1;0;988
987;2;0;988
987;3;1;988
988;0;0;989
988;1;0;989
988;2;0;989
988;3;1;989
989;0;0;990
989;1;0;990
989;2;0;990
989;3;1;990
990;0;0;991
990;1;0;991
990;2;0;991
990;3;1;991
991;0;0;992
991;1;0;992
991;2;0;992
991;3;1;992
992;0;0;993
992;1;0;993
992;2;0;993
992;3;1;993
993;0;0;994
993;1;0;994
993;2;0;994
993;3;1;994
994;0;0;995
994;1;0;995
994;2;0;995
994;3;1;995
995;0;0;996
995;1;0;996
995;2;0;996
995;3;1;996
996;0;0;997
996;1;0;997
996;2;0;997
996;3;1;997
997;0;0;998
997;1;0;998
997;2;0;998
997;3;1;998
998;0;0;999
998;1;0;999
998;2;0;999
998;3;1;999
999;0;0;1000
999;1;0;1000
999;2;0;1000
999;3;1;1000
