0;0;1;0
0;1;0;0
0;2;0;0
0;3;0;0
1;0;1;1
1;1;0;1
1;2;0;1
1;3;0;1
2;0;1;2
2;1;0;2
2;2;0;2
2;3;0;2
3;0;1;3
3;1;0;3
3;2;0;3
3;3;0;3
4;0;1;4
4;1;0;4
4;2;0;4
4;3;0;4
5;0;1;5
5;1;0;5
5;2;0;5
5;3;0;5
6;0;1;6
6;1;0;6
6;2;0;6
6;3;0;6
7;0;1;7
7;1;0;7
7;2;0;7
7;3;0;7
8;0;1;8
8;1;0;8
8;2;0;8
8;3;0;8
9;0;1;9
9;1;0;9
9;2;0;9
9;3;0;9
10;0;1;10
10;1;0;10
10;2;0;10
10;3;0;10
11;0;1;11
11;1;0;11
11;2;0;11
11;3;0;11
12;0;1;12
12;1;0;12
12;2;0;12
12;3;0;12
13;0;1;13
13;1;0;13
13;2;0;13
13;3;0;13
14;0;1;14
14;1;0;14
14;2;0;14
14;3;0;14
15;0;1;15
15;1;0;15
15;2;0;15
15;3;0;15
16;0;1;16
16;1;0;16
16;2;0;16
16;3;0;16
17;0;1;17
17;1;0;17
17;2;0;17
17;3;0;17
18;0;1;18
18;1;0;18
18;2;0;18
18;3;0;18
19;0;1;19
19;1;0;19
19;2;0;19
19;3;0;19
20;0;1;20
20;1;0;20
20;2;0;20
20;3;0;20
21;0;1;21
21;1;0;21
21;2;0;21
21;3;0;21
22;0;1;22
22;1;0;22
22;2;0;22
22;3;0;22
23;0;1;23
23;1;0;23
23;2;0;23
23;3;0;23
24;0;1;24
24;1;0;24
24;2;0;24
24;3;0;24
25;0;1;25
25;1;0;25
25;2;0;25
25;3;0;25
26;0;1;26
26;1;0;26
26;2;0;26
26;3;0;26
27;0;1;27
27;1;0;27
27;2;0;27
27;3;0;27
28;0;1;28
28;1;0;28
28;2;0;28
28;3;0;28
29;0;1;29
29;1;0;29
29;2;0;29
29;3;0;29
30;0;1;30
30;1;0;30
30;2;0;30
30;3;0;30
31;0;1;31
31;1;0;31
31;2;0;31
31;3;0;31
32;0;1;32
32;1;0;32
32;2;0;32
32;3;0;32
33;0;1;33
33;1;0;33
33;2;0;33
33;3;0;33
34;0;1;34
34;1;0;34
34;2;0;34
34;3;0;34
35;0;1;35
35;1;0;35
35;2;0;35
35;3;0;35
36;0;1;36
36;1;0;36
36;2;0;36
36;3;0;36
37;0;1;37
37;1;0;37
37;2;0;37
37;3;0;37
38;0;1;38
38;1;0;38
38;2;0;38
38;3;0;38
39;0;1;39
39;1;0;39
39;2;0;39
39;3;0;39
40;0;1;40
40;1;0;40
40;2;0;40
40;3;0;40
41;0;1;41
41;1;0;41
41;2;0;41
41;3;0;41
42;0;1;42
42;1;0;42
42;2;0;42
42;3;0;42
43;0;1;43
43;1;0;43
43;2;0;43
43;3;0;43
44;0;1;44
44;1;0;44
44;2;0;44
44;3;0;44
45;0;1;45
45;1;0;45
45;2;0;45
45;3;0;45
46;0;1;46
46;1;0;46
46;2;0;46
46;3;0;46
47;0;1;47
47;1;0;47
47;2;0;47
47;3;0;47
48;0;1;48
48;1;0;48
48;2;0;48
48;3;0;48
49;0;1;49
49;1;0;49
49;2;0;49
49;3;0;49
50;0;1;50
50;1;0;50
50;2;0;50
50;3;0;50
51;0;1;51
51;1;0;51
51;2;0;51
51;3;0;51
52;0;1;52
52;1;0;52
52;2;0;52
52;3;0;52
53;0;1;53
53;1;0;53
53;2;0;53
53;3;0;53
54;0;1;54
54;1;0;54
54;2;0;54
54;3;0;54
55;0;1;55
55;1;0;55
55;2;0;55
55;3;0;55
56;0;1;56
56;1;0;56
56;2;0;56
56;3;0;56
57;0;1;57
57;1;0;57
57;2;0;57
57;3;0;57
58;0;1;58
58;1;0;58
58;2;0;58
58;3;0;58
59;0;1;59
59;1;0;59
59;2;0;59
59;3;0;59
60;0;1;60
60;1;0;60
60;2;0;60
60;3;0;60
61;0;1;61
61;1;0;61
61;2;0;61
61;3;0;61
62;0;1;62
62;1;0;62
62;2;0;62
62;3;0;62
63;0;1;63
63;1;0;63
63;2;0;63
63;3;0;63
64;0;1;64
64;1;0;64
64;2;0;64
64;3;0;64
65;0;1;65
65;1;0;65
65;2;0;65
65;3;0;65
66;0;1;66
66;1;0;66
66;2;0;66
66;3;0;66
67;0;1;67
67;1;0;67
67;2;0;67
67;3;0;67
68;0;1;68
68;1;0;68
68;2;0;68
68;3;0;68
69;0;1;69
69;1;0;69
69;2;0;69
69;3;0;69
70;0;1;70
70;1;0;70
70;2;0;70
70;3;0;70
71;0;1;71
71;1;0;71
71;2;0;71
71;3;0;71
72;0;1;72
72;1;0;72
72;2;0;72
72;3;0;72
73;0;1;73
73;1;0;73
73;2;0;73
73;3;0;73
74;0;1;74
74;1;0;74
74;2;0;74
74;3;0;74
75;0;1;75
75;1;0;75
75;2;0;75
75;3;0;75
76;0;1;76
76;1;0;76
76;2;0;76
76;3;0;76
77;0;1;77
77;1;0;77
77;2;0;77
77;3;0;77
78;0;1;78
78;1;0;78
78;2;0;78
78;3;0;78
79;0;1;79
79;1;0;79
79;2;0;79
79;3;0;79
80;0;1;80
80;1;0;80
80;2;0;80
80;3;0;80
81;0;1;81
81;1;0;81
81;2;0;81
81;3;0;81
82;0;1;82
82;1;0;82
82;2;0;82
82;3;0;82
83;0;1;83
83;1;0;83
83;2;0;83
83;3;0;83
84;0;1;84
84;1;0;84
84;2;0;84
84;3;0;84
85;0;1;85
85;1;0;85
85;2;0;85
85;3;0;85
86;0;1;86
86;1;0;86
86;2;0;86
86;3;0;86
87;0;1;87
87;1;0;87
87;2;0;87
87;3;0;87
88;0;1;88
88;1;0;88
88;2;0;88
88;3;0;88
89;0;1;89
89;1;0;89
89;2;0;89
89;3;0;89
90;0;1;90
90;1;0;90
90;2;0;90
90;3;0;90
91;0;1;91
91;1;0;91
91;2;0;91
91;3;0;91
92;0;1;92
92;1;0;92
92;2;0;92
92;3;0;92
93;0;1;93
93;1;0;93
93;2;0;93
93;3;0;93
94;0;1;94
94;1;0;94
94;2;0;94
94;3;0;94
95;0;1;95
95;1;0;95
95;2;0;95
95;3;0;95
96;0;1;96
96;1;0;96
96;2;0;96
96;3;0;96
97;0;1;97
97;1;0;97
97;2;0;97
97;3;0;97
98;0;1;98
98;1;0;98
98;2;0;98
98;3;0;98
99;0;1;99
99;1;0;99
99;2;0;99
99;3;0;99
100;0;1;100
100;1;0;100
100;2;0;100
100;3;0;100
101;0;1;101
101;1;0;101
101;2;0;101
101;3;0;101
102;0;1;102
102;1;0;102
102;2;0;102
102;3;0;102
103;0;1;103
103;1;0;103
103;2;0;103
103;3;0;103
104;0;1;104
104;1;0;104
104;2;0;104
104;3;0;104
105;0;1;105
105;1;0;105
105;2;0;105
105;3;0;105
106;0;1;106
106;1;0;106
106;2;0;106
106;3;0;106
107;0;1;107
107;1;0;107
107;2;0;107
107;3;0;107
108;0;1;108
108;1;0;108
108;2;0;108
108;3;0;108
109;0;1;109
109;1;0;109
109;2;0;109
109;3;0;109
110;0;1;110
110;1;0;110
110;2;0;110
110;3;0;110
111;0;1;111
111;1;0;111
111;2;0;111
111;3;0;111
112;0;1;112
112;1;0;112
112;2;0;112
112;3;0;112
113;0;1;113
113;1;0;113
113;2;0;113
113;3;0;113
114;0;1;114
114;1;0;114
114;2;0;114
114;3;0;114
115;0;1;115
115;1;0;115
115;2;0;115
115;3;0;115
116;0;1;116
116;1;0;116
116;2;0;116
116;3;0;116
117;0;1;117
117;1;0;117
117;2;0;117
117;3;0;117
118;0;1;118
118;1;0;118
118;2;0;118
118;3;0;118
119;0;1;119
119;1;0;119
119;2;0;119
119;3;0;119
120;0;1;120
120;1;0;120
120;2;0;120
120;3;0;120
121;0;1;121
121;1;0;121
121;2;0;121
121;3;0;121
122;0;1;122
122;1;0;122
122;2;0;122
122;3;0;122
123;0;1;123
123;1;0;123
123;2;0;123
123;3;0;123
124;0;1;124
124;1;0;124
124;2;0;124
124;3;0;124
125;0;1;125
125;1;0;125
125;2;0;125
125;3;0;125
126;0;1;126
126;1;0;126
126;2;0;126
126;3;0;126
127;0;1;127
127;1;0;127
127;2;0;127
127;3;0;127
128;0;1;128
128;1;0;128
128;2;0;128
128;3;0;128
129;0;1;129
129;1;0;129
129;2;0;129
129;3;0;129
130;0;1;130
130;1;0;130
130;2;0;130
130;3;0;130
131;0;1;131
131;1;0;131
131;2;0;131
131;3;0;131
132;0;1;132
132;1;0;132
132;2;0;132
132;3;0;132
133;0;1;133
133;1;0;133
133;2;0;133
133;3;0;133
134;0;1;134
134;1;0;134
134;2;0;134
134;3;0;134
135;0;1;135
135;1;0;135
135;2;0;135
135;3;0;135
136;0;1;136
136;1;0;136
136;2;0;136
136;3;0;136
137;0;1;137
137;1;0;137
137;2;0;137
137;3;0;137
138;0;1;138
138;1;0;138
138;2;0;138
138;3;0;138
139;0;1;139
139;1;0;139
139;2;0;139
139;3;0;139
140;0;1;140
140;1;0;140
140;2;0;140
140;3;0;140
141;0;1;141
141;1;0;141
141;2;0;141
141;3;0;141
142;0;1;142
142;1;0;142
142;2;0;142
142;3;0;142
143;0;1;143
143;1;0;143
143;2;0;143
143;3;0;143
144;0;1;144
144;1;0;144
144;2;0;144
144;3;0;144
145;0;1;145
145;1;0;145
145;2;0;145
145;3;0;145
146;0;1;146
146;1;0;146
146;2;0;146
146;3;0;146
147;0;1;147
147;1;0;147
147;2;0;147
147;3;0;147
148;0;1;148
148;1;0;148
148;2;0;148
148;3;0;148
149;0;1;149
149;1;0;149
149;2;0;149
149;3;0;149
150;0;1;150
150;1;0;150
150;2;0;150
150;3;0;150
151;0;1;151
151;1;0;151
151;2;0;151
151;3;0;151
152;0;1;152
152;1;0;152
152;2;0;152
152;3;0;152
153;0;1;153
153;1;0;153
153;2;0;153
153;3;0;153
154;0;1;154
154;1;0;154
154;2;0;154
154;3;0;154
155;0;1;155
155;1;0;155
155;2;0;155
155;3;0;155
156;0;1;156
156;1;0;156
156;2;0;156
156;3;0;156
157;0;1;157
157;1;0;157
157;2;0;157
157;3;0;157
158;0;1;158
158;1;0;158
158;2;0;158
158;3;0;158
159;0;1;159
159;1;0;159
159;2;0;159
159;3;0;159
160;0;1;160
160;1;0;160
160;2;0;160
160;3;0;160
161;0;1;161
161;1;0;161
161;2;0;161
161;3;0;161
162;0;1;162
162;1;0;162
162;2;0;162
162;3;0;162
163;0;1;163
163;1;0;163
163;2;0;163
163;3;0;163
164;0;1;164
164;1;0;164
164;2;0;164
164;3;0;164
165;0;1;165
165;1;0;165
165;2;0;165
165;3;0;165
166;0;1;166
166;1;0;166
166;2;0;166
166;3;0;166
167;0;1;167
167;1;0;167
167;2;0;167
167;3;0;167
168;0;1;168
168;1;0;168
168;2;0;168
168;3;0;168
169;0;1;169
169;1;0;169
169;2;0;169
169;3;0;169
170;0;1;170
170;1;0;170
170;2;0;170
170;3;0;170
171;0;1;171
171;1;0;171
171;2;0;171
171;3;0;171
172;0;1;172
172;1;0;172
172;2;0;172
172;3;0;172
173;0;1;173
173;1;0;173
173;2;0;173
173;3;0;173
174;0;1;174
174;1;0;174
174;2;0;174
174;3;0;174
175;0;1;175
175;1;0;175
175;2;0;175
175;3;0;175
176;0;1;176
176;1;0;176
176;2;0;176
176;3;0;176
177;0;1;177
177;1;0;177
177;2;0;177
177;3;0;177
178;0;1;178
178;1;0;178
178;2;0;178
178;3;0;178
179;0;1;179
179;1;0;179
179;2;0;179
179;3;0;179
180;0;1;180
180;1;0;180
180;2;0;180
180;3;0;180
181;0;1;181
181;1;0;181
181;2;0;181
181;3;0;181
182;0;1;182
182;1;0;182
182;2;0;182
182;3;0;182
183;0;1;183
183;1;0;183
183;2;0;183
183;3;0;183
184;0;1;184
184;1;0;184
184;2;0;184
184;3;0;184
185;0;1;185
185;1;0;185
185;2;0;185
185;3;0;185
186;0;1;186
186;1;0;186
186;2;0;186
186;3;0;186
187;0;1;187
187;1;0;187
187;2;0;187
187;3;0;187
188;0;1;188
188;1;0;188
188;2;0;188
188;3;0;188
189;0;1;189
189;1;0;189
189;2;0;189
189;3;0;189
190;0;1;190
190;1;0;190
190;2;0;190
190;3;0;190
191;0;1;191
191;1;0;191
191;2;0;191
191;3;0;191
192;0;1;192
192;1;0;192
192;2;0;192
192;3;0;192
193;0;1;193
193;1;0;193
193;2;0;193
193;3;0;193
194;0;1;194
194;1;0;194
194;2;0;194
194;3;0;194
195;0;1;195
195;1;0;195
195;2;0;195
195;3;0;195
196;0;1;196
196;1;0;196
196;2;0;196
196;3;0;196
197;0;1;197
197;1;0;197
197;2;0;197
197;3;0;197
198;0;1;198
198;1;0;198
198;2;0;198
198;3;0;198
199;0;1;199
199;1;0;199
199;2;0;199
199;3;0;199
200;0;1;200
200;1;0;200
200;2;0;200
200;3;0;200
201;0;1;201
201;1;0;201
201;2;0;201
201;3;0;201
202;0;1;202
202;1;0;202
202;2;0;202
202;3;0;202
203;0;1;203
203;1;0;203
203;2;0;203
203;3;0;203
204;0;1;204
204;1;0;204
204;2;0;204
204;3;0;204
205;0;1;205
205;1;0;205
205;2;0;205
205;3;0;205
206;0;1;206
206;1;0;206
206;2;0;206
206;3;0;206
207;0;1;207
207;1;0;207
207;2;0;207
207;3;0;207
208;0;1;208
208;1;0;208
208;2;0;208
208;3;0;208
209;0;1;209
209;1;0;209
209;2;0;209
209;3;0;209
210;0;1;210
210;1;0;210
210;2;0;210
210;3;0;210
211;0;1;211
211;1;0;211
211;2;0;211
211;3;0;211
212;0;1;212
212;1;0;212
212;2;0;212
212;3;0;212
213;0;1;213
213;1;0;213
213;2;0;213
213;3;0;213
214;0;1;214
214;1;0;214
214;2;0;214
214;3;0;214
215;0;1;215
215;1;0;215
215;2;0;215
215;3;0;215
216;0;1;216
216;1;0;216
216;2;0;216
216;3;0;216
217;0;1;217
217;1;0;217
217;2;0;217
217;3;0;217
218;0;1;218
218;1;0;218
218;2;0;218
218;3;0;218
219;0;1;219
219;1;0;219
219;2;0;219
219;3;0;219
220;0;1;220
220;1;0;220
220;2;0;220
220;3;0;220
221;0;1;221
221;1;0;221
221;2;0;221
221;3;0;221
222;0;1;222
222;1;0;222
222;2;0;222
222;3;0;222
223;0;1;223
223;1;0;223
223;2;0;223
223;3;0;223
224;0;1;224
224;1;0;224
224;2;0;224
224;3;0;224
225;0;1;225
225;1;0;225
225;2;0;225
225;3;0;225
226;0;1;226
226;1;0;226
226;2;0;226
226;3;0;226
227;0;1;227
227;1;0;227
227;2;0;227
227;3;0;227
228;0;1;228
228;1;0;228
228;2;0;228
228;3;0;228
229;0;1;229
229;1;0;229
229;2;0;229
229;3;0;229
230;0;1;230
230;1;0;230
230;2;0;230
230;3;0;230
231;0;1;231
231;1;0;231
231;2;0;231
231;3;0;231
232;0;1;232
232;1;0;232
232;2;0;232
232;3;0;232
233;0;1;233
233;1;0;233
233;2;0;233
233;3;0;233
234;0;1;234
234;1;0;234
234;2;0;234
234;3;0;234
235;0;1;235
235;1;0;235
235;2;0;235
235;3;0;235
236;0;1;236
236;1;0;236
236;2;0;236
236;3;0;236
237;0;1;237
237;1;0;237
237;2;0;237
237;3;0;237
238;0;1;238
238;1;0;238
238;2;0;238
238;3;0;238
239;0;1;239
239;1;0;239
239;2;0;239
239;3;0;239
240;0;1;240
240;1;0;240
240;2;0;240
240;3;0;240
241;0;1;241
241;1;0;241
241;2;0;241
241;3;0;241
242;0;1;242
242;1;0;242
242;2;0;242
242;3;0;242
243;0;1;243
243;1;0;243
243;2;0;243
243;3;0;243
244;0;1;244
244;1;0;244
244;2;0;244
244;3;0;244
245;0;1;245
245;1;0;245
245;2;0;245
245;3;0;245
246;0;1;246
246;1;0;246
246;2;0;246
246;3;0;246
247;0;1;247
247;1;0;247
247;2;0;247
247;3;0;247
248;0;1;248
248;1;0;248
248;2;0;248
248;3;0;248
249;0;1;249
249;1;0;249
249;2;0;249
249;3;0;249
250;0;0;250
250;1;1;250
250;2;0;250
250;3;0;250
251;0;0;251
251;1;1;251
251;2;0;251
251;3;0;251
252;0;0;252
252;1;1;252
252;2;0;252
252;3;0;252
253;0;0;253
253;1;1;253
253;2;0;253
253;3;0;253
254;0;0;254
254;1;1;254
254;2;0;254
254;3;0;254
255;0;0;255
255;1;1;255
255;2;0;255
255;3;0;255
256;0;0;256
256;1;1;256
256;2;0;256
256;3;0;256
257;0;0;257
257;1;1;257
257;2;0;257
257;3;0;257
258;0;0;258
258;1;1;258
258;2;0;258
258;3;0;258
259;0;0;259
259;1;1;259
259;2;0;259
259;3;0;259
260;0;0;260
260;1;1;260
260;2;0;260
260;3;0;260
261;0;0;261
261;1;1;261
261;2;0;261
261;3;0;261
262;0;0;262
262;1;1;262
262;2;0;262
262;3;0;262
263;0;0;263
263;1;1;263
263;2;0;263
263;3;0;263
264;0;0;264
264;1;1;264
264;2;0;264
264;3;0;264
265;0;0;265
265;1;1;265
265;2;0;265
265;3;0;265
266;0;0;266
266;1;1;266
266;2;0;266
266;3;0;266
267;0;0;267
267;1;1;267
267;2;0;267
267;3;0;267
268;0;0;268
268;1;1;268
268;2;0;268
268;3;0;268
269;0;0;269
269;1;1;269
269;2;0;269
269;3;0;269
270;0;0;270
270;1;1;270
270;2;0;270
270;3;0;270
271;0;0;271
271;1;1;271
271;2;0;271
271;3;0;271
272;0;0;272
272;1;1;272
272;2;0;272
272;3;0;272
273;0;0;273
273;1;1;273
273;2;0;273
273;3;0;273
274;0;0;274
274;1;1;274
274;2;0;274
274;3;0;274
275;0;0;275
275;1;1;275
275;2;0;275
275;3;0;275
276;0;0;276
276;1;1;276
276;2;0;276
276;3;0;276
277;0;0;277
277;1;1;277
277;2;0;277
277;3;0;277
278;0;0;278
278;1;1;278
278;2;0;278
278;3;0;278
279;0;0;279
279;1;1;279
279;2;0;279
279;3;0;279
280;0;0;280
280;1;1;280
280;2;0;280
280;3;0;280
281;0;0;281
281;1;1;281
281;2;0;281
281;3;0;281
282;0;0;282
282;1;1;282
282;2;0;282
282;3;0;282
283;0;0;283
283;1;1;283
283;2;0;283
283;3;0;283
284;0;0;284
284;1;1;284
284;2;0;284
284;3;0;284
285;0;0;285
285;1;1;285
285;2;0;285
285;3;0;285
286;0;0;286
286;1;1;286
286;2;0;286
286;3;0;286
287;0;0;287
287;1;1;287
287;2;0;287
287;3;0;287
288;0;0;288
288;1;1;288
288;2;0;288
288;3;0;288
289;0;0;289
289;1;1;289
289;2;0;289
289;3;0;289
290;0;0;290
290;1;1;290
290;2;0;290
290;3;0;290
291;0;0;291
291;1;1;291
291;2;0;291
291;3;0;291
292;0;0;292
292;1;1;292
292;2;0;292
292;3;0;292
293;0;0;293
293;1;1;293
293;2;0;293
293;3;0;293
294;0;0;294
294;1;1;294
294;2;0;294
294;3;0;294
295;0;0;295
295;1;1;295
295;2;0;295
295;3;0;295
296;0;0;296
296;1;1;296
296;2;0;296
296;3;0;296
297;0;0;297
297;1;1;297
297;2;0;297
297;3;0;297
298;0;0;298
298;1;1;298
298;2;0;298
298;3;0;298
299;0;0;299
299;1;1;299
299;2;0;299
299;3;0;299
300;0;0;300
300;1;1;300
300;2;0;300
300;3;0;300
301;0;0;301
301;1;1;301
301;2;0;301
301;3;0;301
302;0;0;302
302;1;1;302
302;2;0;302
302;3;0;302
303;0;0;303
303;1;1;303
303;2;0;303
303;3;0;303
304;0;0;304
304;1;1;304
304;2;0;304
304;3;0;304
305;0;0;305
305;1;1;305
305;2;0;305
305;3;0;305
306;0;0;306
306;1;1;306
306;2;0;306
306;3;0;306
307;0;0;307
307;1;1;307
307;2;0;307
307;3;0;307
308;0;0;308
308;1;1;308
308;2;0;308
308;3;0;308
309;0;0;309
309;1;1;309
309;2;0;309
309;3;0;309
310;0;0;310
310;1;1;310
310;2;0;310
310;3;0;310
311;0;0;311
311;1;1;311
311;2;0;311
311;3;0;311
312;0;0;312
312;1;1;312
312;2;0;312
312;3;0;312
313;0;0;313
313;1;1;313
313;2;0;313
313;3;0;313
314;0;0;314
314;1;1;314
314;2;0;314
314;3;0;314
315;0;0;315
315;1;1;315
315;2;0;315
315;3;0;315
316;0;0;316
316;1;1;316
316;2;0;316
316;3;0;316
317;0;0;317
317;1;1;317
317;2;0;317
317;3;0;317
318;0;0;318
318;1;1;318
318;2;0;318
318;3;0;318
319;0;0;319
319;1;1;319
319;2;0;319
319;3;0;319
320;0;0;320
320;1;1;320
320;2;0;320
320;3;0;320
321;0;0;321
321;1;1;321
321;2;0;321
321;3;0;321
322;0;0;322
322;1;1;322
322;2;0;322
322;3;0;322
323;0;0;323
323;1;1;323
323;2;0;323
323;3;0;323
324;0;0;324
324;1;1;324
324;2;0;324
324;3;0;324
325;0;0;325
325;1;1;325
325;2;0;325
325;3;0;325
326;0;0;326
326;1;1;326
326;2;0;326
326;3;0;326
327;0;0;327
327;1;1;327
327;2;0;327
327;3;0;327
328;0;0;328
328;1;1;328
328;2;0;328
328;3;0;328
329;0;0;329
329;1;1;329
329;2;0;329
329;3;0;329
330;0;0;330
330;1;1;330
330;2;0;330
330;3;0;330
331;0;0;331
331;1;1;331
331;2;0;331
331;3;0;331
332;0;0;332
332;1;1;332
332;2;0;332
332;3;0;332
333;0;0;333
333;1;1;333
333;2;0;333
333;3;0;333
334;0;0;334
334;1;1;334
334;2;0;334
334;3;0;334
335;0;0;335
335;1;1;335
335;2;0;335
335;3;0;335
336;0;0;336
336;1;1;336
336;2;0;336
336;3;0;336
337;0;0;337
337;1;1;337
337;2;0;337
337;3;0;337
338;0;0;338
338;1;1;338
338;2;0;338
338;3;0;338
339;0;0;339
339;1;1;339
339;2;0;339
339;3;0;339
340;0;0;340
340;1;1;340
340;2;0;340
340;3;0;340
341;0;0;341
341;1;1;341
341;2;0;341
341;3;0;341
342;0;0;342
342;1;1;342
342;2;0;342
342;3;0;342
343;0;0;343
343;1;1;343
343;2;0;343
343;3;0;343
344;0;0;344
344;1;1;344
344;2;0;344
344;3;0;344
345;0;0;345
345;1;1;345
345;2;0;345
345;3;0;345
346;0;0;346
346;1;1;346
346;2;0;346
346;3;0;346
347;0;0;347
347;1;1;347
347;2;0;347
347;3;0;347
348;0;0;348
348;1;1;348
348;2;0;348
348;3;0;348
349;0;0;349
349;1;1;349
349;2;0;349
349;3;0;349
350;0;0;350
350;1;1;350
350;2;0;350
350;3;0;350
351;0;0;351
351;1;1;351
351;2;0;351
351;3;0;351
352;0;0;352
352;1;1;352
352;2;0;352
352;3;0;352
353;0;0;353
353;1;1;353
353;2;0;353
353;3;0;353
354;0;0;354
354;1;1;354
354;2;0;354
354;3;0;354
355;0;0;355
355;1;1;355
355;2;0;355
355;3;0;355
356;0;0;356
356;1;1;356
356;2;0;356
356;3;0;356
357;0;0;357
357;1;1;357
357;2;0;357
357;3;0;357
358;0;0;358
358;1;1;358
358;2;0;358
358;3;0;358
359;0;0;359
359;1;1;359
359;2;0;359
359;3;0;359
360;0;0;360
360;1;1;360
360;2;0;360
360;3;0;360
361;0;0;361
361;1;1;361
361;2;0;361
361;3;0;361
362;0;0;362
362;1;1;362
362;2;0;362
362;3;0;362
363;0;0;363
363;1;1;363
363;2;0;363
363;3;0;363
364;0;0;364
364;1;1;364
364;2;0;364
364;3;0;364
365;0;0;365
365;1;1;365
365;2;0;365
365;3;0;365
366;0;0;366
366;1;1;366
366;2;0;366
366;3;0;366
367;0;0;367
367;1;1;367
367;2;0;367
367;3;0;367
368;0;0;368
368;1;1;368
368;2;0;368
368;3;0;368
369;0;0;369
369;1;1;369
369;2;0;369
369;3;0;369
370;0;0;370
370;1;1;370
370;2;0;370
370;3;0;370
371;0;0;371
371;1;1;371
371;2;0;371
371;3;0;371
372;0;0;372
372;1;1;372
372;2;0;372
372;3;0;372
373;0;0;373
373;1;1;373
373;2;0;373
373;3;0;373
374;0;0;374
374;1;1;374
374;2;0;374
374;3;0;374
375;0;0;375
375;1;1;375
375;2;0;375
375;3;0;375
376;0;0;376
376;1;1;376
376;2;0;376
376;3;0;376
377;0;0;377
377;1;1;377
377;2;0;377
377;3;0;377
378;0;0;378
378;1;1;378
378;2;0;378
378;3;0;378
379;0;0;379
379;1;1;379
379;2;0;379
379;3;0;379
380;0;0;380
380;1;1;380
380;2;0;380
380;3;0;380
381;0;0;381
381;1;1;381
381;2;0;381
381;3;0;381
382;0;0;382
382;1;1;382
382;2;0;382
382;3;0;382
383;0;0;383
383;1;1;383
383;2;0;383
383;3;0;383
384;0;0;384
384;1;1;384
384;2;0;384
384;3;0;384
385;0;0;385
385;1;1;385
385;2;0;385
385;3;0;385
386;0;0;386
386;1;1;386
386;2;0;386
386;3;0;386
387;0;0;387
387;1;1;387
387;2;0;387
387;3;0;387
388;0;0;388
388;1;1;388
388;2;0;388
388;3;0;388
389;0;0;389
389;1;1;389
389;2;0;389
389;3;0;389
390;0;0;390
390;1;1;390
390;2;0;390
390;3;0;390
391;0;0;391
391;1;1;391
391;2;0;391
391;3;0;391
392;0;0;392
392;1;1;392
392;2;0;392
392;3;0;392
393;0;0;393
393;1;1;393
393;2;0;393
393;3;0;393
394;0;0;394
394;1;1;394
394;2;0;394
394;3;0;394
395;0;0;395
395;1;1;395
395;2;0;395
395;3;0;395
396;0;0;396
396;1;1;396
396;2;0;396
396;3;0;396
397;0;0;397
397;1;1;397
397;2;0;397
397;3;0;397
398;0;0;398
398;1;1;398
398;2;0;398
398;3;0;398
399;0;0;399
399;1;1;399
399;2;0;399
399;3;0;399
400;0;0;400
400;1;1;400
400;2;0;400
400;3;0;400
401;0;0;401
401;1;1;401
401;2;0;401
401;3;0;401
402;0;0;402
402;1;1;402
402;2;0;402
402;3;0;402
403;0;0;403
403;1;1;403
403;2;0;403
403;3;0;403
404;0;0;404
404;1;1;404
404;2;0;404
404;3;0;404
405;0;0;405
405;1;1;405
405;2;0;405
405;3;0;405
406;0;0;406
406;1;1;406
406;2;0;406
406;3;0;406
407;0;0;407
407;1;1;407
407;2;0;407
407;3;0;407
408;0;0;408
408;1;1;408
408;2;0;408
408;3;0;408
409;0;0;409
409;1;1;409
409;2;0;409
409;3;0;409
410;0;0;410
410;1;1;410
410;2;0;410
410;3;0;410
411;0;0;411
411;1;1;411
411;2;0;411
411;3;0;411
412;0;0;412
412;1;1;412
412;2;0;412
412;3;0;412
413;0;0;413
413;1;1;413
413;2;0;413
413;3;0;413
414;0;0;414
414;1;1;414
414;2;0;414
414;3;0;414
415;0;0;415
415;1;1;415
415;2;0;415
415;3;0;415
416;0;0;416
416;1;1;416
416;2;0;416
416;3;0;416
417;0;0;417
417;1;1;417
417;2;0;417
417;3;0;417
418;0;0;418
418;1;1;418
418;2;0;418
418;3;0;418
419;0;0;419
419;1;1;419
419;2;0;419
419;3;0;419
420;0;0;420
420;1;1;420
420;2;0;420
420;3;0;420
421;0;0;421
421;1;1;421
421;2;0;421
421;3;0;421
422;0;0;422
422;1;1;422
422;2;0;422
422;3;0;422
423;0;0;423
423;1;1;423
423;2;0;423
423;3;0;423
424;0;0;424
424;1;1;424
424;2;0;424
424;3;0;424
425;0;0;425
425;1;1;425
425;2;0;425
425;3;0;425
426;0;0;426
426;1;1;426
426;2;0;426
426;3;0;426
427;0;0;427
427;1;1;427
427;2;0;427
427;3;0;427
428;0;0;428
428;1;1;428
428;2;0;428
428;3;0;428
429;0;0;429
429;1;1;429
429;2;0;429
429;3;0;429
430;0;0;430
430;1;1;430
430;2;0;430
430;3;0;430
431;0;0;431
431;1;1;431
431;2;0;431
431;3;0;431
432;0;0;432
432;1;1;432
432;2;0;432
432;3;0;432
433;0;0;433
433;1;1;433
433;2;0;433
433;3;0;433
434;0;0;434
434;1;1;434
434;2;0;434
434;3;0;434
435;0;0;435
435;1;1;435
435;2;0;435
435;3;0;435
436;0;0;436
436;1;1;436
436;2;0;436
436;3;0;436
437;0;0;437
437;1;1;437
437;2;0;437
437;3;0;437
438;0;0;438
438;1;1;438
438;2;0;438
438;3;0;438
439;0;0;439
439;1;1;439
439;2;0;439
439;3;0;439
440;0;0;440
440;1;1;440
440;2;0;440
440;3;0;440
441;0;0;441
441;1;1;441
441;2;0;441
441;3;0;441
442;0;0;442
442;1;1;442
442;2;0;442
442;3;0;442
443;0;0;443
443;1;1;443
443;2;0;443
443;3;0;443
444;0;0;444
444;1;1;444
444;2;0;444
444;3;0;444
445;0;0;445
445;1;1;445
445;2;0;445
445;3;0;445
446;0;0;446
446;1;1;446
446;2;0;446
446;3;0;446
447;0;0;447
447;1;1;447
447;2;0;447
447;3;0;447
448;0;0;448
448;1;1;448
448;2;0;448
448;3;0;448
449;0;0;449
449;1;1;449
449;2;0;449
449;3;0;449
450;0;0;450
450;1;1;450
450;2;0;450
450;3;0;450
451;0;0;451
451;1;1;451
451;2;0;451
451;3;0;451
452;0;0;452
452;1;1;452
452;2;0;452
452;3;0;452
453;0;0;453
453;1;1;453
453;2;0;453
453;3;0;453
454;0;0;454
454;1;1;454
454;2;0;454
454;3;0;454
455;0;0;455
455;1;1;455
455;2;0;455
455;3;0;455
456;0;0;456
456;1;1;456
456;2;0;456
456;3;0;456
457;0;0;457
457;1;1;457
457;2;0;457
457;3;0;457
458;0;0;458
458;1;1;458
458;2;0;458
458;3;0;458
459;0;0;459
459;1;1;459
459;2;0;459
459;3;0;459
460;0;0;460
460;1;1;460
460;2;0;460
460;3;0;460
461;0;0;461
461;1;1;461
461;2;0;461
461;3;0;461
462;0;0;462
462;1;1;462
462;2;0;462
462;3;0;462
463;0;0;463
463;1;1;463
463;2;0;463
463;3;0;463
464;0;0;464
464;1;1;464
464;2;0;464
464;3;0;464
465;0;0;465
465;1;1;465
465;2;0;465
465;3;0;465
466;0;0;466
466;1;1;466
466;2;0;466
466;3;0;466
467;0;0;467
467;1;1;467
467;2;0;467
467;3;0;467
468;0;0;468
468;1;1;468
468;2;0;468
468;3;0;468
469;0;0;469
469;1;1;469
469;2;0;469
469;3;0;469
470;0;0;470
470;1;1;470
470;2;0;470
470;3;0;470
471;0;0;471
471;1;1;471
471;2;0;471
471;3;0;471
472;0;0;472
472;1;1;472
472;2;0;472
472;3;0;472
473;0;0;473
473;1;1;473
473;2;0;473
473;3;0;473
474;0;0;474
474;1;1;474
474;2;0;474
474;3;0;474
475;0;0;475
475;1;1;475
475;2;0;475
475;3;0;475
476;0;0;476
476;1;1;476
476;2;0;476
476;3;0;476
477;0;0;477
477;1;1;477
477;2;0;477
477;3;0;477
478;0;0;478
478;1;1;478
478;2;0;478
478;3;0;478
479;0;0;479
479;1;1;479
479;2;0;479
479;3;0;479
480;0;0;480
480;1;1;480
480;2;0;480
480;3;0;480
481;0;0;481
481;1;1;481
481;2;0;481
481;3;0;481
482;0;0;482
482;1;1;482
482;2;0;482
482;3;0;482
483;0;0;483
483;1;1;483
483;2;0;483
483;3;0;483
484;0;0;484
484;1;1;484
484;2;0;484
484;3;0;484
485;0;0;485
485;1;1;485
485;2;0;485
485;3;0;485
486;0;0;486
486;1;1;486
486;2;0;486
486;3;0;486
487;0;0;487
487;1;1;487
487;2;0;487
487;3;0;487
488;0;0;488
488;1;1;488
488;2;0;488
488;3;0;488
489;0;0;489
489;1;1;489
489;2;0;489
489;3;0;489
490;0;0;490
490;1;1;490
490;2;0;490
490;3;0;490
491;0;0;491
491;1;1;491
491;2;0;491
491;3;0;491
492;0;0;492
492;1;1;492
492;2;0;492
492;3;0;492
493;0;0;493
493;1;1;493
493;2;0;493
493;3;0;493
494;0;0;494
494;1;1;494
494;2;0;494
494;3;0;494
495;0;0;495
495;1;1;495
495;2;0;495
495;3;0;495
496;0;0;496
496;1;1;496
496;2;0;496
496;3;0;496
497;0;0;497
497;1;1;497
497;2;0;497
497;3;0;497
498;0;0;498
498;1;1;498
498;2;0;498
498;3;0;498
499;0;0;499
499;1;1;499
499;2;0;499
499;3;0;499
500;0;0;500
500;1;0;500
500;2;1;500
500;3;0;500
501;0;0;501
501;1;0;501
501;2;1;501
501;3;0;501
502;0;0;502
502;1;0;502
502;2;1;502
502;3;0;502
503;0;0;503
503;1;0;503
503;2;1;503
503;3;0;503
504;0;0;504
504;1;0;504
504;2;1;504
504;3;0;504
505;0;0;505
505;1;0;505
505;2;1;505
505;3;0;505
506;0;0;506
506;1;0;506
506;2;1;506
506;3;0;506
507;0;0;507
507;1;0;507
507;2;1;507
507;3;0;507
508;0;0;508
508;1;0;508
508;2;1;508
508;3;0;508
509;0;0;509
509;1;0;509
509;2;1;509
509;3;0;509
510;0;0;510
510;1;0;510
510;2;1;510
510;3;0;510
511;0;0;511
511;1;0;511
511;2;1;511
511;3;0;511
512;0;0;512
512;1;0;512
512;2;1;512
512;3;0;512
513;0;0;513
513;1;0;513
513;2;1;513
513;3;0;513
514;0;0;514
514;1;0;514
514;2;1;514
514;3;0;514
515;0;0;515
515;1;0;515
515;2;1;515
515;3;0;515
516;0;0;516
516;1;0;516
516;2;1;516
516;3;0;516
517;0;0;517
517;1;0;517
517;2;1;517
517;3;0;517
518;0;0;518
518;1;0;518
518;2;1;518
518;3;0;518
519;0;0;519
519;1;0;519
519;2;1;519
519;3;0;519
520;0;0;520
520;1;0;520
520;2;1;520
520;3;0;520
521;0;0;521
521;1;0;521
521;2;1;521
521;3;0;521
522;0;0;522
522;1;0;522
522;2;1;522
522;3;0;522
523;0;0;523
523;1;0;523
523;2;1;523
523;3;0;523
524;0;0;524
524;1;0;524
524;2;1;524
524;3;0;524
525;0;0;525
525;1;0;525
525;2;1;525
525;3;0;525
526;0;0;526
526;1;0;526
526;2;1;526
526;3;0;526
527;0;0;527
527;1;0;527
527;2;1;527
527;3;0;527
528;0;0;528
528;1;0;528
528;2;1;528
528;3;0;528
529;0;0;529
529;1;0;529
529;2;1;529
529;3;0;529
530;0;0;530
530;1;0;530
530;2;1;530
530;3;0;530
531;0;0;531
531;1;0;531
531;2;1;531
531;3;0;531
532;0;0;532
532;1;0;532
532;2;1;532
532;3;0;532
533;0;0;533
533;1;0;533
533;2;1;533
533;3;0;533
534;0;0;534
534;1;0;534
534;2;1;534
534;3;0;534
535;0;0;535
535;1;0;535
535;2;1;535
535;3;0;535
536;0;0;536
536;1;0;536
536;2;1;536
536;3;0;536
537;0;0;537
537;1;0;537
537;2;1;537
537;3;0;537
538;0;0;538
538;1;0;538
538;2;1;538
538;3;0;538
539;0;0;539
539;1;0;539
539;2;1;539
539;3;0;539
540;0;0;540
540;1;0;540
540;2;1;540
540;3;0;540
541;0;0;541
541;1;0;541
541;2;1;541
541;3;0;541
542;0;0;542
542;1;0;542
542;2;1;542
542;3;0;542
543;0;0;543
543;1;0;543
543;2;1;543
543;3;0;543
544;0;0;544
544;1;0;544
544;2;1;544
544;3;0;544
545;0;0;545
545;1;0;545
545;2;1;545
545;3;0;545
546;0;0;546
546;1;0;546
546;2;1;546
546;3;0;546
547;0;0;547
547;1;0;547
547;2;1;547
547;3;0;547
548;0;0;548
548;1;0;548
548;2;1;548
548;3;0;548
549;0;0;549
549;1;0;549
549;2;1;549
549;3;0;549
550;0;0;550
550;1;0;550
550;2;1;550
550;3;0;550
551;0;0;551
551;1;0;551
551;2;1;551
551;3;0;551
552;0;0;552
552;1;0;552
552;2;1;552
552;3;0;552
553;0;0;553
553;1;0;553
553;2;1;553
553;3;0;553
554;0;0;554
554;1;0;554
554;2;1;554
554;3;0;554
555;0;0;555
555;1;0;555
555;2;1;555
555;3;0;555
556;0;0;556
556;1;0;556
556;2;1;556
556;3;0;556
557;0;0;557
557;1;0;557
557;2;1;557
557;3;0;557
558;0;0;558
558;1;0;558
558;2;1;558
558;3;0;558
559;0;0;559
559;1;0;559
559;2;1;559
559;3;0;559
560;0;0;560
560;1;0;560
560;2;1;560
560;3;0;560
561;0;0;561
561;1;0;561
561;2;1;561
561;3;0;561
562;0;0;562
562;1;0;562
562;2;1;562
562;3;0;562
563;0;0;563
563;1;0;563
563;2;1;563
563;3;0;563
564;0;0;564
564;1;0;564
564;2;1;564
564;3;0;564
565;0;0;565
565;1;0;565
565;2;1;565
565;3;0;565
566;0;0;566
566;1;0;566
566;2;1;566
566;3;0;566
567;0;0;567
567;1;0;567
567;2;1;567
567;3;0;567
568;0;0;568
568;1;0;568
568;2;1;568
568;3;0;568
569;0;0;569
569;1;0;569
569;2;1;569
569;3;0;569
570;0;0;570
570;1;0;570
570;2;1;570
570;3;0;570
571;0;0;571
571;1;0;571
571;2;1;571
571;3;0;571
572;0;0;572
572;1;0;572
572;2;1;572
572;3;0;572
573;0;0;573
573;1;0;573
573;2;1;573
573;3;0;573
574;0;0;574
574;1;0;574
574;2;1;574
574;3;0;574
575;0;0;575
575;1;0;575
575;2;1;575
575;3;0;575
576;0;0;576
576;1;0;576
576;2;1;576
576;3;0;576
577;0;0;577
577;1;0;577
577;2;1;577
577;3;0;577
578;0;0;578
578;1;0;578
578;2;1;578
578;3;0;578
579;0;0;579
579;1;0;579
579;2;1;579
579;3;0;579
580;0;0;580
580;1;0;580
580;2;1;580
580;3;0;580
581;0;0;581
581;1;0;581
581;2;1;581
581;3;0;581
582;0;0;582
582;1;0;582
582;2;1;582
582;3;0;582
583;0;0;583
583;1;0;583
583;2;1;583
583;3;0;583
584;0;0;584
584;1;0;584
584;2;1;584
584;3;0;584
585;0;0;585
585;1;0;585
585;2;1;585
585;3;0;585
586;0;0;586
586;1;0;586
586;2;1;586
586;3;0;586
587;0;0;587
587;1;0;587
587;2;1;587
587;3;0;587
588;0;0;588
588;1;0;588
588;2;1;588
588;3;0;588
589;0;0;589
589;1;0;589
589;2;1;589
589;3;0;589
590;0;0;590
590;1;0;590
590;2;1;590
590;3;0;590
591;0;0;591
591;1;0;591
591;2;1;591
591;3;0;591
592;0;0;592
592;1;0;592
592;2;1;592
592;3;0;592
593;0;0;593
593;1;0;593
593;2;1;593
593;3;0;593
594;0;0;594
594;1;0;594
594;2;1;594
594;3;0;594
595;0;0;595
595;1;0;595
595;2;1;595
595;3;0;595
596;0;0;596
596;1;0;596
596;2;1;596
596;3;0;596
597;0;0;597
597;1;0;597
597;2;1;597
597;3;0;597
598;0;0;598
598;1;0;598
598;2;1;598
598;3;0;598
599;0;0;599
599;1;0;599
599;2;1;599
599;3;0;599
600;0;0;600
600;1;0;600
600;2;1;600
600;3;0;600
601;0;0;601
601;1;0;601
601;2;1;601
601;3;0;601
602;0;0;602
602;1;0;602
602;2;1;602
602;3;0;602
603;0;0;603
603;1;0;603
603;2;1;603
603;3;0;603
604;0;0;604
604;1;0;604
604;2;1;604
604;3;0;604
605;0;0;605
605;1;0;605
605;2;1;605
605;3;0;605
606;0;0;606
606;1;0;606
606;2;1;606
606;3;0;606
607;0;0;607
607;1;0;607
607;2;1;607
607;3;0;607
608;0;0;608
608;1;0;608
608;2;1;608
608;3;0;608
609;0;0;609
609;1;0;609
609;2;1;609
609;3;0;609
610;0;0;610
610;1;0;610
610;2;1;610
610;3;0;610
611;0;0;611
611;1;0;611
611;2;1;611
611;3;0;611
612;0;0;612
612;1;0;612
612;2;1;612
612;3;0;612
613;0;0;613
613;1;0;613
613;2;1;613
613;3;0;613
614;0;0;614
614;1;0;614
614;2;1;614
614;3;0;614
615;0;0;615
615;1;0;615
615;2;1;615
615;3;0;615
616;0;0;616
616;1;0;616
616;2;1;616
616;3;0;616
617;0;0;617
617;1;0;617
617;2;1;617
617;3;0;617
618;0;0;618
618;1;0;618
618;2;1;618
618;3;0;618
619;0;0;619
619;1;0;619
619;2;1;619
619;3;0;619
620;0;0;620
620;1;0;620
620;2;1;620
620;3;0;620
621;0;0;621
621;1;0;621
621;2;1;621
621;3;0;621
622;0;0;622
622;1;0;622
622;2;1;622
622;3;0;622
623;0;0;623
623;1;0;623
623;2;1;623
623;3;0;623
624;0;0;624
624;1;0;624
624;2;1;624
624;3;0;624
625;0;0;625
625;1;0;625
625;2;1;625
625;3;0;625
626;0;0;626
626;1;0;626
626;2;1;626
626;3;0;626
627;0;0;627
627;1;0;627
627;2;1;627
627;3;0;627
628;0;0;628
628;1;0;628
628;2;1;628
628;3;0;628
629;0;0;629
629;1;0;629
629;2;1;629
629;3;0;629
630;0;0;630
630;1;0;630
630;2;1;630
630;3;0;630
631;0;0;631
631;1;0;631
631;2;1;631
631;3;0;631
632;0;0;632
632;1;0;632
632;2;1;632
632;3;0;632
633;0;0;633
633;1;0;633
633;2;1;633
633;3;0;633
634;0;0;634
634;1;0;634
634;2;1;634
634;3;0;634
635;0;0;635
635;1;0;635
635;2;1;635
635;3;0;635
636;0;0;636
636;1;0;636
636;2;1;636
636;3;0;636
637;0;0;637
637;1;0;637
637;2;1;637
637;3;0;637
638;0;0;638
638;1;0;638
638;2;1;638
638;3;0;638
639;0;0;639
639;1;0;639
639;2;1;639
639;3;0;639
640;0;0;640
640;1;0;640
640;2;1;640
640;3;0;640
641;0;0;641
641;1;0;641
641;2;1;641
641;3;0;641
642;0;0;642
642;1;0;642
642;2;1;642
642;3;0;642
643;0;0;643
643;1;0;643
643;2;1;643
643;3;0;643
644;0;0;644
644;1;0;644
644;2;1;644
644;3;0;644
645;0;0;645
645;1;0;645
645;2;1;645
645;3;0;645
646;0;0;646
646;1;0;646
646;2;1;646
646;3;0;646
647;0;0;647
647;1;0;647
647;2;1;647
647;3;0;647
648;0;0;648
648;1;0;648
648;2;1;648
648;3;0;648
649;0;0;649
649;1;0;649
649;2;1;649
649;3;0;649
650;0;0;650
650;1;0;650
650;2;1;650
650;3;0;650
651;0;0;651
651;1;0;651
651;2;1;651
651;3;0;651
652;0;0;652
652;1;0;652
652;2;1;652
652;3;0;652
653;0;0;653
653;1;0;653
653;2;1;653
653;3;0;653
654;0;0;654
654;1;0;654
654;2;1;654
654;3;0;654
655;0;0;655
655;1;0;655
655;2;1;655
655;3;0;655
656;0;0;656
656;1;0;656
656;2;1;656
656;3;0;656
657;0;0;657
657;1;0;657
657;2;1;657
657;3;0;657
658;0;0;658
658;1;0;658
658;2;1;658
658;3;0;658
659;0;0;659
659;1;0;659
659;2;1;659
659;3;0;659
660;0;0;660
660;1;0;660
660;2;1;660
660;3;0;660
661;0;0;661
661;1;0;661
661;2;1;661
661;3;0;661
662;0;0;662
662;1;0;662
662;2;1;662
662;3;0;662
663;0;0;663
663;1;0;663
663;2;1;663
663;3;0;663
664;0;0;664
664;1;0;664
664;2;1;664
664;3;0;664
665;0;0;665
665;1;0;665
665;2;1;665
665;3;0;665
666;0;0;666
666;1;0;666
666;2;1;666
666;3;0;666
667;0;0;667
667;1;0;667
667;2;1;667
667;3;0;667
668;0;0;668
668;1;0;668
668;2;1;668
668;3;0;668
669;0;0;669
669;1;0;669
669;2;1;669
669;3;0;669
670;0;0;670
670;1;0;670
670;2;1;670
670;3;0;670
671;0;0;671
671;1;0;671
671;2;1;671
671;3;0;671
672;0;0;672
672;1;0;672
672;2;1;672
672;3;0;672
673;0;0;673
673;1;0;673
673;2;1;673
673;3;0;673
674;0;0;674
674;1;0;674
674;2;1;674
674;3;0;674
675;0;0;675
675;1;0;675
675;2;1;675
675;3;0;675
676;0;0;676
676;1;0;676
676;2;1;676
676;3;0;676
677;0;0;677
677;1;0;677
677;2;1;677
677;3;0;677
678;0;0;678
678;1;0;678
678;2;1;678
678;3;0;678
679;0;0;679
679;1;0;679
679;2;1;679
679;3;0;679
680;0;0;680
680;1;0;680
680;2;1;680
680;3;0;680
681;0;0;681
681;1;0;681
681;2;1;681
681;3;0;681
682;0;0;682
682;1;0;682
682;2;1;682
682;3;0;682
683;0;0;683
683;1;0;683
683;2;1;683
683;3;0;683
684;0;0;684
684;1;0;684
684;2;1;684
684;3;0;684
685;0;0;685
685;1;0;685
685;2;1;685
685;3;0;685
686;0;0;686
686;1;0;686
686;2;1;686
686;3;0;686
687;0;0;687
687;1;0;687
687;2;1;687
687;3;0;687
688;0;0;688
688;1;0;688
688;2;1;688
688;3;0;688
689;0;0;689
689;1;0;689
689;2;1;689
689;3;0;689
690;0;0;690
690;1;0;690
690;2;1;690
690;3;0;690
691;0;0;691
691;1;0;691
691;2;1;691
691;3;0;691
692;0;0;692
692;1;0;692
692;2;1;692
692;3;0;692
693;0;0;693
693;1;0;693
693;2;1;693
693;3;0;693
694;0;0;694
694;1;0;694
694;2;1;694
694;3;0;694
695;0;0;695
695;1;0;695
695;2;1;695
695;3;0;695
696;0;0;696
696;1;0;696
696;2;1;696
696;3;0;696
697;0;0;697
697;1;0;697
697;2;1;697
697;3;0;697
698;0;0;698
698;1;0;698
698;2;1;698
698;3;0;698
699;0;0;699
699;1;0;699
699;2;1;699
699;3;0;699
700;0;0;700
700;1;0;700
700;2;1;700
700;3;0;700
701;0;0;701
701;1;0;701
701;2;1;701
701;3;0;701
702;0;0;702
702;1;0;702
702;2;1;702
702;3;0;702
703;0;0;703
703;1;0;703
703;2;1;703
703;3;0;703
704;0;0;704
704;1;0;704
704;2;1;704
704;3;0;704
705;0;0;705
705;1;0;705
705;2;1;705
705;3;0;705
706;0;0;706
706;1;0;706
706;2;1;706
706;3;0;706
707;0;0;707
707;1;0;707
707;2;1;707
707;3;0;707
708;0;0;708
708;1;0;708
708;2;1;708
708;3;0;708
709;0;0;709
709;1;0;709
709;2;1;709
709;3;0;709
710;0;0;710
710;1;0;710
710;2;1;710
710;3;0;710
711;0;0;711
711;1;0;711
711;2;1;711
711;3;0;711
712;0;0;712
712;1;0;712
712;2;1;712
712;3;0;712
713;0;0;713
713;1;0;713
713;2;1;713
713;3;0;713
714;0;0;714
714;1;0;714
714;2;1;714
714;3;0;714
715;0;0;715
715;1;0;715
715;2;1;715
715;3;0;715
716;0;0;716
716;1;0;716
716;2;1;716
716;3;0;716
717;0;0;717
717;1;0;717
717;2;1;717
717;3;0;717
718;0;0;718
718;1;0;718
718;2;1;718
718;3;0;718
719;0;0;719
719;1;0;719
719;2;1;719
719;3;0;719
720;0;0;720
720;1;0;720
720;2;1;720
720;3;0;720
721;0;0;721
721;1;0;721
721;2;1;721
721;3;0;721
722;0;0;722
722;1;0;722
722;2;1;722
722;3;0;722
723;0;0;723
723;1;0;723
723;2;1;723
723;3;0;723
724;0;0;724
724;1;0;724
724;2;1;724
724;3;0;724
725;0;0;725
725;1;0;725
725;2;1;725
725;3;0;725
726;0;0;726
726;1;0;726
726;2;1;726
726;3;0;726
727;0;0;727
727;1;0;727
727;2;1;727
727;3;0;727
728;0;0;728
728;1;0;728
728;2;1;728
728;3;0;728
729;0;0;729
729;1;0;729
729;2;1;729
729;3;0;729
730;0;0;730
730;1;0;730
730;2;1;730
730;3;0;730
731;0;0;731
731;1;0;731
731;2;1;731
731;3;0;731
732;0;0;732
732;1;0;732
732;2;1;732
732;3;0;732
733;0;0;733
733;1;0;733
733;2;1;733
733;3;0;733
734;0;0;734
734;1;0;734
734;2;1;734
734;3;0;734
735;0;0;735
735;1;0;735
735;2;1;735
735;3;0;735
736;0;0;736
736;1;0;736
736;2;1;736
736;3;0;736
737;0;0;737
737;1;0;737
737;2;1;737
737;3;0;737
738;0;0;738
738;1;0;738
738;2;1;738
738;3;0;738
739;0;0;739
739;1;0;739
739;2;1;739
739;3;0;739
740;0;0;740
740;1;0;740
740;2;1;740
740;3;0;740
741;0;0;741
741;1;0;741
741;2;1;741
741;3;0;741
742;0;0;742
742;1;0;742
742;2;1;742
742;3;0;742
743;0;0;743
743;1;0;743
743;2;1;743
743;3;0;743
744;0;0;744
744;1;0;744
744;2;1;744
744;3;0;744
745;0;0;745
745;1;0;745
745;2;1;745
745;3;0;745
746;0;0;746
746;1;0;746
746;2;1;746
746;3;0;746
747;0;0;747
747;1;0;747
747;2;1;747
747;3;0;747
748;0;0;748
748;1;0;748
748;2;1;748
748;3;0;748
749;0;0;749
749;1;0;749
749;2;1;749
749;3;0;749
750;0;0;750
750;1;0;750
750;2;0;750
750;3;1;750
751;0;0;751
751;1;0;751
751;2;0;751
751;3;1;751
752;0;0;752
752;1;0;752
752;2;0;752
752;3;1;752
753;0;0;753
753;1;0;753
753;2;0;753
753;3;1;753
754;0;0;754
754;1;0;754
754;2;0;754
754;3;1;754
755;0;0;755
755;1;0;755
755;2;0;755
755;3;1;755
756;0;0;756
756;1;0;756
756;2;0;756
756;3;1;756
757;0;0;757
757;1;0;757
757;2;0;757
757;3;1;757
758;0;0;758
758;1;0;758
758;2;0;758
758;3;1;758
759;0;0;759
759;1;0;759
759;2;0;759
759;3;1;759
760;0;0;760
760;1;0;760
760;2;0;760
760;3;1;760
761;0;0;761
761;1;0;761
761;2;0;761
761;3;1;761
762;0;0;762
762;1;0;762
762;2;0;762
762;3;1;762
763;0;0;763
763;1;0;763
763;2;0;763
763;3;1;763
764;0;0;764
764;1;0;764
764;2;0;764
764;3;1;764
765;0;0;765
765;1;0;765
765;2;0;765
765;3;1;765
766;0;0;766
766;1;0;766
766;2;0;766
766;3;1;766
767;0;0;767
767;1;0;767
767;2;0;767
767;3;1;767
768;0;0;768
768;1;0;768
768;2;0;768
768;3;1;768
769;0;0;769
769;1;0;769
769;2;0;769
769;3;1;769
770;0;0;770
770;1;0;770
770;2;0;770
770;3;1;770
771;0;0;771
771;1;0;771
771;2;0;771
771;3;1;771
772;0;0;772
772;1;0;772
772;2;0;772
772;3;1;772
773;0;0;773
773;1;0;773
773;2;0;773
773;3;1;773
774;0;0;774
774;1;0;774
774;2;0;774
774;3;1;774
775;0;0;775
775;1;0;775
775;2;0;775
775;3;1;775
776;0;0;776
776;1;0;776
776;2;0;776
776;3;1;776
777;0;0;777
777;1;0;777
777;2;0;777
777;3;1;777
778;0;0;778
778;1;0;778
778;2;0;778
778;3;1;778
779;0;0;779
779;1;0;779
779;2;0;779
779;3;1;779
780;0;0;780
780;1;0;780
780;2;0;780
780;3;1;780
781;0;0;781
781;1;0;781
781;2;0;781
781;3;1;781
782;0;0;782
782;1;0;782
782;2;0;782
782;3;1;782
783;0;0;783
783;1;0;783
783;2;0;783
783;3;1;783
784;0;0;784
784;1;0;784
784;2;0;784
784;3;1;784
785;0;0;785
785;1;0;785
785;2;0;785
785;3;1;785
786;0;0;786
786;1;0;786
786;2;0;786
786;3;1;786
787;0;0;787
787;1;0;787
787;2;0;787
787;3;1;787
788;0;0;788
788;1;0;788
788;2;0;788
788;3;1;788
789;0;0;789
789;1;0;789
789;2;0;789
789;3;1;789
790;0;0;790
790;1;0;790
790;2;0;790
790;3;1;790
791;0;0;791
791;1;0;791
791;2;0;791
791;3;1;791
792;0;0;792
792;1;0;792
792;2;0;792
792;3;1;792
793;0;0;793
793;1;0;793
793;2;0;793
793;3;1;793
794;0;0;794
794;1;0;794
794;2;0;794
794;3;1;794
795;0;0;795
795;1;0;795
795;2;0;795
795;3;1;795
796;0;0;796
796;1;0;796
796;2;0;796
796;3;1;796
797;0;0;797
797;1;0;797
797;2;0;797
797;3;1;797
798;0;0;798
798;1;0;798
798;2;0;798
798;3;1;798
799;0;0;799
799;1;0;799
799;2;0;799
799;3;1;799
800;0;0;800
800;1;0;800
800;2;0;800
800;3;1;800
801;0;0;801
801;1;0;801
801;2;0;801
801;3;1;801
802;0;0;802
802;1;0;802
802;2;0;802
802;3;1;802
803;0;0;803
803;1;0;803
803;2;0;803
803;3;1;803
804;0;0;804
804;1;0;804
804;2;0;804
804;3;1;804
805;0;0;805
805;1;0;805
805;2;0;805
805;3;1;805
806;0;0;806
806;1;0;806
806;2;0;806
806;3;1;806
807;0;0;807
807;1;0;807
807;2;0;807
807;3;1;807
808;0;0;808
808;1;0;808
808;2;0;808
808;3;1;808
809;0;0;809
809;1;0;809
809;2;0;809
809;3;1;809
810;0;0;810
810;1;0;810
810;2;0;810
810;3;1;810
811;0;0;811
811;1;0;811
811;2;0;811
811;3;1;811
812;0;0;812
812;1;0;812
812;2;0;812
812;3;1;812
813;0;0;813
813;1;0;813
813;2;0;813
813;3;1;813
814;0;0;814
814;1;0;814
814;2;0;814
814;3;1;814
815;0;0;815
815;1;0;815
815;2;0;815
815;3;1;815
816;0;0;816
816;1;0;816
816;2;0;816
816;3;1;816
817;0;0;817
817;1;0;817
817;2;0;817
817;3;1;817
818;0;0;818
818;1;0;818
818;2;0;818
818;3;1;818
819;0;0;819
819;1;0;819
819;2;0;819
819;3;1;819
820;0;0;820
820;1;0;820
820;2;0;820
820;3;1;820
821;0;0;821
821;1;0;821
821;2;0;821
821;3;1;821
822;0;0;822
822;1;0;822
822;2;0;822
822;3;1;822
823;0;0;823
823;1;0;823
823;2;0;823
823;3;1;823
824;0;0;824
824;1;0;824
824;2;0;824
824;3;1;824
825;0;0;825
825;1;0;825
825;2;0;825
825;3;1;825
826;0;0;826
826;1;0;826
826;2;0;826
826;3;1;826
827;0;0;827
827;1;0;827
827;2;0;827
827;3;1;827
828;0;0;828
828;1;0;828
828;2;0;828
828;3;1;828
829;0;0;829
829;1;0;829
829;2;0;829
829;3;1;829
830;0;0;830
830;1;0;830
830;2;0;830
830;3;1;830
831;0;0;831
831;1;0;831
831;2;0;831
831;3;1;831
832;0;0;832
832;1;0;832
832;2;0;832
832;3;1;832
833;0;0;833
833;1;0;833
833;2;0;833
833;3;1;833
834;0;0;834
834;1;0;834
834;2;0;834
834;3;1;834
835;0;0;835
835;1;0;835
835;2;0;835
835;3;1;835
836;0;0;836
836;1;0;836
836;2;0;836
836;3;1;836
837;0;0;837
837;1;0;837
837;2;0;837
837;3;1;837
838;0;0;838
838;1;0;838
838;2;0;838
838;3;1;838
839;0;0;839
839;1;0;839
839;2;0;839
839;3;1;839
840;0;0;840
840;1;0;840
840;2;0;840
840;3;1;840
841;0;0;841
841;1;0;841
841;2;0;841
841;3;1;841
842;0;0;842
842;1;0;842
842;2;0;842
842;3;1;842
843;0;0;843
843;1;0;843
843;2;0;843
843;3;1;843
844;0;0;844
844;1;0;844
844;2;0;844
844;3;1;844
845;0;0;845
845;1;0;845
845;2;0;845
845;3;1;845
846;0;0;846
846;1;0;846
846;2;0;846
846;3;1;846
847;0;0;847
847;1;0;847
847;2;0;847
847;3;1;847
848;0;0;848
848;1;0;848
848;2;0;848
848;3;1;848
849;0;0;849
849;1;0;849
849;2;0;849
849;3;1;849
850;0;0;850
850;1;0;850
850;2;0;850
850;3;1;850
851;0;0;851
851;1;0;851
851;2;0;851
851;3;1;851
852;0;0;852
852;1;0;852
852;2;0;852
852;3;1;852
853;0;0;853
853;1;0;853
853;2;0;853
853;3;1;853
854;0;0;854
854;1;0;854
854;2;0;854
854;3;1;854
855;0;0;855
855;1;0;855
855;2;0;855
855;3;1;855
856;0;0;856
856;1;0;856
856;2;0;856
856;3;1;856
857;0;0;857
857;1;0;857
857;2;0;857
857;3;1;857
858;0;0;858
858;1;0;858
858;2;0;858
858;3;1;858
859;0;0;859
859;1;0;859
859;2;0;859
859;3;1;859
860;0;0;860
860;1;0;860
860;2;0;860
860;3;1;860
861;0;0;861
861;1;0;861
861;2;0;861
861;3;1;861
862;0;0;862
862;1;0;862
862;2;0;862
862;3;1;862
863;0;0;863
863;1;0;863
863;2;0;863
863;3;1;863
864;0;0;864
864;1;0;864
864;2;0;864
864;3;1;864
865;0;0;865
865;1;0;865
865;2;0;865
865;3;1;865
866;0;0;866
866;1;0;866
866;2;0;866
866;3;1;866
867;0;0;867
867;1;0;867
867;2;0;867
867;3;1;867
868;0;0;868
868;1;0;868
868;2;0;868
868;3;1;868
869;0;0;869
869;1;0;869
869;2;0;869
869;3;1;869
870;0;0;870
870;1;0;870
870;2;0;870
870;3;1;870
871;0;0;871
871;1;0;871
871;2;0;871
871;3;1;871
872;0;0;872
872;1;0;872
872;2;0;872
872;3;1;872
873;0;0;873
873;1;0;873
873;2;0;873
873;3;1;873
874;0;0;874
874;1;0;874
874;2;0;874
874;3;1;874
875;0;0;875
875;1;0;875
875;2;0;875
875;3;1;875
876;0;0;876
876;1;0;876
876;2;0;876
876;3;1;876
877;0;0;877
877;1;0;877
877;2;0;877
877;3;1;877
878;0;0;878
878;1;0;878
878;2;0;878
878;3;1;878
879;0;0;879
879;1;0;879
879;2;0;879
879;3;1;879
880;0;0;880
880;1;0;880
880;2;0;880
880;3;1;880
881;0;0;881
881;1;0;881
881;2;0;881
881;3;1;881
882;0;0;882
882;1;0;882
882;2;0;882
882;3;1;882
883;0;0;883
883;1;0;883
883;2;0;883
883;3;1;883
884;0;0;884
884;1;0;884
884;2;0;884
884;3;1;884
885;0;0;885
885;1;0;885
885;2;0;885
885;3;1;885
886;0;0;886
886;1;0;886
886;2;0;886
886;3;1;886
887;0;0;887
887;1;0;887
887;2;0;887
887;3;1;887
888;0;0;888
888;1;0;888
888;2;0;888
888;3;1;888
889;0;0;889
889;1;0;889
889;2;0;889
889;3;1;889
890;0;0;890
890;1;0;890
890;2;0;890
890;3;1;890
891;0;0;891
891;1;0;891
891;2;0;891
891;3;1;891
892;0;0;892
892;1;0;892
892;2;0;892
892;3;1;892
893;0;0;893
893;1;0;893
893;2;0;893
893;3;1;893
894;0;0;894
894;1;0;894
894;2;0;894
894;3;1;894
895;0;0;895
895;1;0;895
895;2;0;895
895;3;1;895
896;0;0;896
896;1;0;896
896;2;0;896
896;3;1;896
897;0;0;897
897;1;0;897
897;2;0;897
897;3;1;897
898;0;0;898
898;1;0;898
898;2;0;898
898;3;1;898
899;0;0;899
899;1;0;899
899;2;0;899
899;3;1;899
900;0;0;900
900;1;0;900
900;2;0;900
900;3;1;900
901;0;0;901
901;1;0;901
901;2;0;901
901;3;1;901
902;0;0;902
902;1;0;902
902;2;0;902
902;3;1;902
903;0;0;903
903;1;0;903
903;2;0;903
903;3;1;903
904;0;0;904
904;1;0;904
904;2;0;904
904;3;1;904
905;0;0;905
905;1;0;905
905;2;0;905
905;3;1;905
906;0;0;906
906;1;0;906
906;2;0;906
906;3;1;906
907;0;0;907
907;1;0;907
907;2;0;907
907;3;1;907
908;0;0;908
908;1;0;908
908;2;0;908
908;3;1;908
909;0;0;909
909;1;0;909
909;2;0;909
909;3;1;909
910;0;0;910
910;1;0;910
910;2;0;910
910;3;1;910
911;0;0;911
911;1;0;911
911;2;0;911
911;3;1;911
912;0;0;912
912;1;0;912
912;2;0;912
912;3;1;912
913;0;0;913
913;1;0;913
913;2;0;913
913;3;1;913
914;0;0;914
914;1;0;914
914;2;0;914
914;3;1;914
915;0;0;915
915;1;0;915
915;2;0;915
915;3;1;915
916;0;0;916
916;1;0;916
916;2;0;916
916;3;1;916
917;0;0;917
917;1;0;917
917;2;0;917
917;3;1;917
918;0;0;918
918;1;0;918
918;2;0;918
918;3;1;918
919;0;0;919
919;1;0;919
919;2;0;919
919;3;1;919
920;0;0;920
920;1;0;920
920;2;0;920
920;3;1;920
921;0;0;921
921;1;0;921
921;2;0;921
921;3;1;921
922;0;0;922
922;1;0;922
922;2;0;922
922;3;1;922
923;0;0;923
923;1;0;923
923;2;0;923
923;3;1;923
924;0;0;924
924;1;0;924
924;2;0;924
924;3;1;924
925;0;0;925
925;1;0;925
925;2;0;925
925;3;1;925
926;0;0;926
926;1;0;926
926;2;0;926
926;3;1;926
927;0;0;927
927;1;0;927
927;2;0;927
927;3;1;927
928;0;0;928
928;1;0;928
928;2;0;928
928;3;1;928
929;0;0;929
929;1;0;929
929;2;0;929
929;3;1;929
930;0;0;930
930;1;0;930
930;2;0;930
930;3;1;930
931;0;0;931
931;1;0;931
931;2;0;931
931;3;1;931
932;0;0;932
932;1;0;932
932;2;0;932
932;3;1;932
933;0;0;933
933;1;0;933
933;2;0;933
933;3;1;933
934;0;0;934
934;1;0;934
934;2;0;934
934;3;1;934
935;0;0;935
935;1;0;935
935;2;0;935
935;3;1;935
936;0;0;936
936;1;0;936
936;2;0;936
936;3;1;936
937;0;0;937
937;1;0;937
937;2;0;937
937;3;1;937
938;0;0;938
938;1;0;938
938;2;0;938
938;3;1;938
939;0;0;939
939;1;0;939
939;2;0;939
939;3;1;939
940;0;0;940
940;1;0;940
940;2;0;940
940;3;1;940
941;0;0;941
941;1;0;941
941;2;0;941
941;3;1;941
942;0;0;942
942;1;0;942
942;2;0;942
942;3;1;942
943;0;0;943
943;1;0;943
943;2;0;943
943;3;1;943
944;0;0;944
944;1;0;944
944;2;0;944
944;3;1;944
945;0;0;945
945;1;0;945
945;2;0;945
945;3;1;945
946;0;0;946
946;1;0;946
946;2;0;946
946;3;1;946
947;0;0;947
947;1;0;947
947;2;0;947
947;3;1;947
948;0;0;948
948;1;0;948
948;2;0;948
948;3;1;948
949;0;0;949
949;1;0;949
949;2;0;949
949;3;1;949
950;0;0;950
950;1;0;950
950;2;0;950
950;3;1;950
951;0;0;951
951;1;0;951
951;2;0;951
951;3;1;951
952;0;0;952
952;1;0;952
952;2;0;952
952;3;1;952
953;0;0;953
953;1;0;953
953;2;0;953
953;3;1;953
954;0;0;954
954;1;0;954
954;2;0;954
954;3;1;954
955;0;0;955
955;1;0;955
955;2;0;955
955;3;1;955
956;0;0;956
956;1;0;956
956;2;0;956
956;3;1;956
957;0;0;957
957;1;0;957
957;2;0;957
957;3;1;957
958;0;0;958
958;1;0;958
958;2;0;958
958;3;1;958
959;0;0;959
959;1;0;959
959;2;0;959
959;3;1;959
960;0;0;960
960;1;0;960
960;2;0;960
960;3;1;960
961;0;0;961
961;1;0;961
961;2;0;961
961;3;1;961
962;0;0;962
962;1;0;962
962;2;0;962
962;3;1;962
963;0;0;963
963;1;0;963
963;2;0;963
963;3;1;963
964;0;0;964
964;1;0;964
964;2;0;964
964;3;1;964
965;0;0;965
965;1;0;965
965;2;0;965
965;3;1;965
966;0;0;966
966;1;0;966
966;2;0;966
966;3;1;966
967;0;0;967
967;1;0;967
967;2;0;967
967;3;1;967
968;0;0;968
968;1;0;968
968;2;0;968
968;3;1;968
969;0;0;969
969;1;0;969
969;2;0;969
969;3;1;969
970;0;0;970
970;1;0;970
970;2;0;970
970;3;1;970
971;0;0;971
971;1;0;971
971;2;0;971
971;3;1;971
972;0;0;972
972;1;0;972
972;2;0;972
972;3;1;972
973;0;0;973
973;1;0;973
973;2;0;973
973;3;1;973
974;0;0;974
974;1;0;974
974;2;0;974
974;3;1;974
975;0;0;975
975;1;0;975
975;2;0;975
975;3;1;975
976;0;0;976
976;1;0;976
976;2;0;976
976;3;1;976
977;0;0;977
977;1;0;977
977;2;0;977
977;3;1;977
978;0;0;978
978;1;0;978
978;2;0;978
978;3;1;978
979;0;0;979
979;1;0;979
979;2;0;979
979;3;1;979
980;0;0;980
980;1;0;980
980;2;0;980
980;3;1;980
981;0;0;981
981;1;0;981
981;2;0;981
981;3;1;981
982;0;0;982
982;1;0;982
982;2;0;982
982;3;1;982
983;0;0;983
983;1;0;983
983;2;0;983
983;3;1;983
984;0;0;984
984;1;0;984
984;2;0;984
984;3;1;984
985;0;0;985
985;1;0;985
985;2;0;985
985;3;1;985
986;0;0;986
986;1;0;986
986;2;0;986
986;3;1;986
987;0;0;987
987;1;0;987
987;2;0;987
987;3;1;987
988;0;0;988
988;1;0;988
988;2;0;988
988;3;1;988
989;0;0;989
989;1;0;989
989;2;0;989
989;3;1;989
990;0;0;990
990;1;0;990
990;2;0;990
990;3;1;990
991;0;0;991
991;1;0;991
991;2;0;991
991;3;1;991
992;0;0;992
992;1;0;992
992;2;0;992
992;3;1;992
993;0;0;993
993;1;0;993
993;2;0;993
993;3;1;993
994;0;0;994
994;1;0;994
994;2;0;994
994;3;1;994
995;0;0;995
995;1;0;995
995;2;0;995
995;3;1;995
996;0;0;996
996;1;0;996
996;2;0;996
996;3;1;996
997;0;0;997
997;1;0;997
997;2;0;997
997;3;1;997
998;0;0;998
998;1;0;998
998;2;0;998
998;3;1;998
999;0;0;999
999;1;0;999
999;2;0;999
999;3;1;999
